0.0    0.0    0.0    0.0    0.0    0.0    0.0    0.0    0.0
5.85584345469e-08    8.4647435234e-08    5.16986063804e-08    5.85468636011e-08    8.46445897532e-08    5.16885416383e-08    1.15709458074e-11    2.84548074122e-12    1.00647420572e-11
6.08726233927e-08    8.52181749571e-08    5.37114438893e-08    6.0861052448e-08    8.52153190331e-08    5.37013798614e-08    1.15709447232e-11    2.8559240476e-12    1.00640278852e-11
6.31868121992e-08    8.57890686622e-08    5.57242717148e-08    6.3175241256e-08    8.57862128303e-08    5.57142076473e-08    1.15709432053e-11    2.85583194462e-12    1.00640674845e-11
6.55010010122e-08    8.63598519006e-08    5.77371071242e-08    6.54894300679e-08    8.63569993494e-08    5.77270428502e-08    1.15709442895e-11    2.85255114885e-12    1.00642740117e-11
6.79308992727e-08    8.69591841223e-08    5.98505833922e-08    6.78036188929e-08    8.69277852802e-08    5.97398778764e-08    1.27280379812e-10    3.13988420767e-11    1.10705515798e-10
7.02450880788e-08    8.7530002818e-08    6.18634163757e-08    7.01178076942e-08    8.74986055688e-08    6.17527106809e-08    1.27280384583e-10    3.13972491669e-11    1.10705694885e-10
7.2559276887e-08    8.81008008365e-08    6.38762508042e-08    7.26634153854e-08    8.8126485084e-08    6.39668284389e-08    -1.04138498389e-10    -2.5684247589e-11    -9.05776346925e-11
7.48734656942e-08    8.86716050722e-08    6.58890847955e-08    7.49776041908e-08    8.86972923946e-08    6.59796622551e-08    -1.04138496654e-10    -2.56873223864e-11    -9.0577459641e-11
7.71876544963e-08    8.92424128243e-08    6.79019185945e-08    7.72917929921e-08    8.92680991657e-08    6.79924961114e-08    -1.04138495787e-10    -2.56863414002e-11    -9.05775169312e-11
7.95018432944e-08    8.98132168868e-08    6.9914752653e-08    7.960598179e-08    8.98389026852e-08    7.00053302114e-08    -1.0413849557e-10    -2.56857983776e-11    -9.0577558349e-11
8.17003226517e-08    9.03554815068e-08    7.18269450165e-08    8.19201705874e-08    9.04097081741e-08    7.20181642433e-08    -2.19847935646e-10    -5.42266673188e-11    -1.91219226855e-10
8.41302208868e-08    9.09548276169e-08    7.394042075e-08    8.42343593826e-08    9.09805139058e-08    7.40309982784e-08    -1.04138495787e-10    -2.56862888706e-11    -9.05775284218e-11
8.6444409676e-08    9.15256326923e-08    7.59532548512e-08    8.6548548172e-08    9.15513188023e-08    7.60438323899e-08    -1.04138496004e-10    -2.56861099231e-11    -9.05775386605e-11
8.87585984647e-08    9.2096437928e-08    7.79660889767e-08    8.88627369612e-08    9.21221241313e-08    7.80566665129e-08    -1.04138496437e-10    -2.56862033271e-11    -9.05775361887e-11
9.09570778106e-08    9.26387027772e-08    7.98782814271e-08    9.11769257462e-08    9.26929291818e-08    8.00695006728e-08    -2.19847935646e-10    -5.42264046708e-11    -1.91219245683e-10
1.26912455037e-05    2.3875128441e-06    0.00273730872003    1.04406271503e-05    2.19526102058e-06    0.00248953670526    2.25061835343e-06    1.92251823523e-07    0.000247772014766
0.000485471407402    8.79619224433e-06    0.0678551917787    0.000530846397064    1.19722301999e-05    0.0792664614757    -4.53749896613e-05    -3.17603795556e-06    -0.011411269697
0.000724214223373    2.91181508442e-05    0.147322363911    0.000745608050106    2.91561014116e-05    0.158934299612    -2.13938267333e-05    -3.79505673761e-08    -0.0116119357011
0.000868195178764    5.76047606001e-05    0.223383766129    0.000897069446753    6.56632309694e-05    0.239006921257    -2.88742679898e-05    -8.05847036936e-06    -0.0156231551279
0.00103114306196    0.000107353690914    0.311435876595    0.00104511240925    0.000112533778552    0.319034295119    -1.39693472826e-05    -5.18008763808e-06    -0.00759841852374
0.00117542134655    0.000164001289783    0.391435889305    0.00116039515994    0.000157575104583    0.383038940914    1.50261866107e-05    6.42618519999e-06    0.00839694839114
0.00131459828866    0.000231585727938    0.471424287463    0.00130016548772    0.000224176733208    0.463025513173    1.44328009358e-05    7.40899473015e-06    0.00839877429007
0.00144755760484    0.000310642563659    0.551412661842    0.00145981876067    0.000318784358381    0.559011448968    -1.22611558225e-05    -8.14179472264e-06    -0.007598787126
0.00156770817172    0.000395267187896    0.627405189427    0.00157324563402    0.000399500200508    0.631004789371    -5.53746229608e-06    -4.23301261275e-06    -0.00359959994414
0.00168689994097    0.000493859298859    0.707401589132    0.00169208524552    0.0004985024631    0.711001501988    -5.18530455551e-06    -4.64316424154e-06    -0.00359991285626
0.00179775451191    0.000601742805437    0.787399923682    0.00180252775636    0.000606810963755    0.790999889223    -4.77324445378e-06    -5.06815831814e-06    -0.00359996554093
0.00189958437995    0.000718235954601    0.86739748362    0.00190394394739    0.000723670019723    0.870997320796    -4.3595674376e-06    -5.43406512191e-06    -0.00359983717578
0.00199179253525    0.000842530730844    0.947393771958    0.00199570860551    0.000848292902101    0.950993578173    -3.91607026788e-06    -5.76217125776e-06    -0.00359980621445
0.00207757903304    0.00098057919234    1.03138917916    0.00207719844525    0.000979904931604    1.03098920095    3.80587789638e-07    6.74260735924e-07    0.000399978216722
0.00214822291546    0.00111835956494    1.11138458148    0.00214789734954    0.00111765682156    1.1109846048    3.25565921749e-07    7.02743377207e-07    0.000399976678926
0.00220763102026    0.00126138225696    1.1913800167    0.00220736252903    0.00126065562815    1.19098003954    2.68491238849e-07    7.26628815006e-07    0.000399977160028
0.00225541990666    0.00140873208807    1.27137546355    0.00225934337302    0.00142292140704    1.27897502731    -3.92346636048e-06    -1.41893189682e-05    -0.00759956376143
0.00229129080998    0.00155946478144    1.35137073637    0.00229114150912    0.00155870429199    1.35097076073    1.49300861708e-07    7.60489454696e-07    0.000399975645351
0.00231502740549    0.00171261108718    1.43136569947    0.00231493916232    0.00171184097822    1.43096572555    8.82431673652e-08    7.7010895073e-07    0.000399973924826
0.00232673729816    0.00187493212375    1.51536006022    0.00232646140269    0.00186640917261    1.51096036316    2.75895471628e-07    8.52295113311e-06    0.00439969705315
0.00233219724962    0.00140567706759    1.56665468292    0.00233411007667    0.00140958531802    1.56665689902    -1.91282704262e-06    -3.90825042706e-06    -2.21609569873e-06
0.00232914879596    0.00141471961511    1.56667727586    0.00232711138427    0.00141460120692    1.56667539055    2.03741168351e-06    1.18408193054e-07    1.88531433687e-06
0.00232621605586    0.00141183271748    1.5666170241    0.00232670146729    0.00141267411221    1.56662075766    -4.85411436524e-07    -8.41394727979e-07    -3.73356018146e-06
0.0027619768088    0.0491751494894    1.56249348602    0.0027148592424    0.043659338016    1.56264732067    4.71175664059e-05    0.00551581147342    -0.000153834657334
0.00358457254711    0.149198899839    1.56255467919    0.00353984189572    0.143695249299    1.56255582451    4.47306513914e-05    0.00550365053923    -1.14531783435e-06
0.00432599273324    0.239193892397    1.56255479404    0.00444524003806    0.253691117603    1.56255635214    -0.000119247304823    -0.0144972252055    -1.55810161506e-06
0.00523220633537    0.349188204791    1.56256805315    0.00510407393708    0.333689188688    1.56256605029    0.00012813239829    0.0154990161025    2.00285611807e-06
0.00601340847847    0.444185417317    1.56257702982    0.00609126670948    0.453685154877    1.56257757983    -7.78582310055e-05    -0.00949973756017    -5.50010233136e-07
0.00687590037325    0.549181836801    1.56258005939    0.00691289390624    0.553681668978    1.56258005903    -3.69935329967e-05    -0.00449983217669    3.59710483622e-10
0.00765656803895    0.644178630567    1.56257884008    0.00765245488747    0.643678647338    1.56257885013    4.11315148278e-06    0.000499983228382    -1.00524861768e-08
0.0085195522424    0.749175096002    1.56257682566    0.00847435795573    0.743675280985    1.56257691115    4.51942866649e-05    0.00549981501714    -8.5498497393e-08
0.00934150818686    0.84917171252    1.56257579231    0.00929630603466    0.843671898986    1.5625758267    4.52021521963e-05    0.00549981353419    -3.4394734838e-08
0.0101635898606    0.949168334056    1.56257555222    0.0101183673446    0.943668519705    1.56257554914    4.52225160305e-05    0.00549981435168    3.07702840985e-09
0.010985650268    1.04916495881    1.56257582641    0.0110226387472    1.05366480695    1.56257584573    -3.69884791864e-05    -0.00449984814107    -1.93203211207e-08
0.011848760295    1.15416141462    1.562576249    0.0117624531147    1.14366176914    1.56257621891    8.63071802724e-05    0.0104996454866    3.00870759418e-08
0.0126707557714    1.25415803791    1.56257631608    0.0125844438689    1.24365839245    1.56257632432    8.6311902503e-05    0.0104996454609    -8.24144907874e-09
0.0134927522625    1.35415466233    1.56257620876    0.0134064426934    1.3436550167    1.56257621591    8.63095690739e-05    0.0104996456296    -7.15526971007e-09
0.0143147525163    1.45415128703    1.56257624533    0.0142284432035    1.44365164152    1.56257623587    8.63093127899e-05    0.0104996455105    9.46630174248e-09
0.0151367487075    1.55414790987    1.56257626284    0.0150504387416    1.5436482645    1.56257627023    8.63099658877e-05    0.0104996453658    -7.38630734354e-09
0.0159998515839    1.65914436447    1.56257614299    0.0159546412645    1.65364455013    1.56257614799    4.52103194435e-05    0.00549981434169    -5.00233299228e-09
0.0168218602035    1.7591409894    1.56257616479    0.0166944491988    1.74364151254    1.56257614684    0.000127411004693    0.0154994768607    1.79474601847e-08
0.0176438601547    1.85913761306    1.56257628687    0.0175164509973    1.84363813652    1.56257627713    0.000127409157441    0.0154994765324    9.73978542262e-09
0.0184247555254    1.9541344048    1.56257623135    0.0184206455242    1.95363442169    1.56257623195    4.11000120953e-06    0.000499983117515    -6.08023187354e-10
0.018543896032    1.9963745661    1.56280927334    0.0185439030446    1.99637558034    1.56280912974    -7.01263240879e-09    -1.0142372191e-06    1.43604208303e-07
0.0185439763894    1.9963738081    1.56280918128    0.0185437982505    1.99637112664    1.5628093246    1.78138870644e-07    2.68146589422e-06    -1.43317623769e-07
0.0185478367457    1.99664080686    1.58366440713    0.0185475310272    1.9966628997    1.58721310499    3.05718504342e-07    -2.20928386816e-05    -0.00354869786741
0.0185284066627    1.99710710124    1.68199015928    0.0185263883443    1.99709299922    1.67359436782    2.01831844475e-06    1.41020181075e-05    0.00839579145882
0.0185032717692    1.99725333275    1.75806214615    0.0185045508691    1.99724507969    1.75365284313    -1.27909988111e-06    8.25306358054e-06    0.00440930301659
0.0184626234867    1.99740340051    1.83812055616    0.018470616319    1.99738072654    1.82570705178    -7.99283223474e-06    2.26739646525e-05    0.0124135043859
0.0184176368275    1.99753550086    1.91013548188    0.0184210420235    1.99752760992    1.90573533205    -3.40519599645e-06    7.89093693676e-06    0.00440014982977
0.0183539155893    1.99768516308    1.99412607909    0.0183605394496    1.99767029615    1.9857286152    -6.62386026161e-06    1.48669264803e-05    0.0083974638873
0.0182814603539    1.99782185236    2.0741140412    0.0182818559334    1.99782118882    2.07371405647    -3.95579464994e-07    6.63540257628e-07    0.000399984739578
0.018198073925    1.99795217269    2.15410399708    0.018198519121    1.9979515387    2.15370405112    -4.45196017829e-07    6.33994551746e-07    0.000399945962493
0.0181047450869    1.99807553961    2.23409867318    0.0181052334852    1.9980749396    2.2336986962    -4.88398288426e-07    6.0001322133e-07    0.000399976977961
0.0180018065641    1.99819097734    2.31409679292    0.0180130304965    1.99817924164    2.30569686362    -1.12239323309e-05    1.17357038754e-05    0.0083999293041
0.0178782040243    1.99830792841    2.40209457838    0.017902031896    1.9982869793    2.38569510443    -2.38278717605e-05    2.09491032845e-05    0.0163994739553
0.0177635203254    1.9983998833    2.47809150101    0.0177827052033    1.99838547285    2.46569214054    -1.91848778741e-05    1.44104527313e-05    0.0123993604652
0.0176355783078    1.9984869612    2.55808736444    0.0176296585607    1.99849063448    2.56168717436    5.91974709985e-06    -3.6732812505e-06    -0.00359980991631
0.0175010371939    1.99856352772    2.63808276457    0.017494841123    1.99856671784    2.64168254939    6.19607093333e-06    -3.19012085459e-06    -0.00359978482477
0.0173607717989    1.99862910311    2.71807809893    0.0173686200298    1.99862578894    2.71367835784    -7.84823082687e-06    3.31416091903e-06    0.00439974108862
0.0172083141271    1.99868565948    2.80207326337    0.0172090510528    1.99868542071    2.80167328625    -7.36925675513e-07    2.38778501416e-07    0.000399977115544
0.0170742139436    1.99872381309    2.87406904562    0.017074966298    1.99872362789    2.87366906936    -7.52354391693e-07    1.85206646686e-07    0.000399976259545
0.0169224006069    1.99875478797    2.95406414293    0.0169231655195    1.9987546633    2.95366416823    -7.64912598747e-07    1.24666611701e-07    0.000399974699153
0.0167608404892    1.99877418904    3.03805867967    0.0167693400283    1.99877350855    3.03365897341    -8.49953906472e-06    6.80485387816e-07    0.00439970625985
0.0166137029138    1.99878006217    3.11405349604    0.0165989733327    1.99878003761    3.12165296871    1.47295811036e-05    2.45620748185e-08    -0.0075994726657
0.0171379243773    1.99878524609    3.13337361958    0.0171382440381    1.99878530817    3.13337354303    -3.19660817351e-07    -6.20869151646e-08    7.65518035628e-08
0.0171365574528    1.99878108561    3.1333450581    0.0171370360784    1.99877962597    3.13334214423    -4.78625515166e-07    1.45963957432e-06    2.91386861218e-06
0.00761185617914    1.9989947452    3.132528592    0.0118386385983    1.99890063305    3.13320050668    -0.00422678241916    9.41121497247e-05    -0.00067191467221
-0.0806385777585    2.00015859654    3.12908601053    -0.0701322903668    2.00002648605    3.12908975566    -0.0105062873917    0.000132110496289    -3.74512328394e-06
-0.180636642674    2.00140838275    3.12907245474    -0.170135842842    2.00127810326    3.1290727032    -0.0105007998323    0.000130279493336    -2.48460456653e-07
-0.285625128627    2.00272324079    3.12908256328    -0.270127536144    2.00252865751    3.12908043226    -0.0154975924826    0.000194583279394    2.13102354429e-06
-0.380618425844    2.00391123807    3.12909366445    -0.370119002505    2.00377974223    3.1290926404    -0.0104994233392    0.000131495839391    1.02405250457e-06
-0.480610674027    2.00516038051    3.12909959539    -0.470111486763    2.00502943435    3.12909929725    -0.0104991872634    0.00013094616415    2.98141579869e-07
-0.58060283558    2.00640963223    3.12909993562    -0.590102105783    2.00652842457    3.12909980182    0.00949927020323    -0.000118792332679    1.33794780144e-07
-0.690594271522    2.00778397166    3.12909778835    -0.67009586593    2.00752781763    3.12909820932    -0.0204984055923    0.000256154031994    -4.20974851423e-07
-0.770588005215    2.0087836079    3.12909647193    -0.79008647816    2.0090272225    3.12909625306    0.0194984729446    -0.000243614605943    2.1887187529e-07
-0.890578641182    2.01028314531    3.12909577642    -0.880079458507    2.0101519092    3.12909578285    -0.010499182675    0.00013123610783    -6.43380149157e-09
-0.975572019172    2.01134534358    3.129095916    -0.980071668036    2.01140158154    3.12909592978    0.00449964886458    -5.62379595639e-05    -1.37778486398e-08
-1.0755642009    2.01259496679    3.12909624454    -1.08006384871    2.01265119596    3.12909625847    0.00449964781188    -5.62291616775e-05    -1.39345486261e-08
-1.1755563857    2.01384455425    3.12909647472    -1.18005603486    2.01390078567    3.12909648056    0.00449964916008    -5.62314155834e-05    -5.84384807212e-09
-1.27554859904    2.0150941396    3.12909653131    -1.2800482486    2.01515037165    3.1290965306    0.00449964955468    -5.6232057136e-05    7.1397110446e-10
-1.3755407951    2.01634371994    3.12909647751    -1.38004044311    2.01639995072    3.12909647473    0.00449964800545    -5.6230781075e-05    2.78491008032e-09
-1.48053257992    2.01765578567    3.12909643619    -1.47003340062    2.01752457942    3.1290964388    -0.0104991793084    0.000131206253225    -2.61178945138e-09
-1.5855243948    2.01896785482    3.12909642504    -1.57002560128    2.01877416746    3.12909642482    -0.0154987935239    0.000193687357311    2.18096651849e-10
-1.68051699237    2.02015496511    3.12909642141    -1.69001625048    2.02027367571    3.12909642058    0.00949925810801    -0.0001187105955    8.31573032656e-10
-1.78050917085    2.02140455498    3.12909642931    -1.79000842741    2.02152326615    3.12909643172    0.0094992565665    -0.000118711175407    -2.40149589104e-09
-1.88550096984    2.02271662138    3.12909645083    -1.89000061927    2.02277285279    3.12909645153    0.00449964943016    -5.62314095705e-05    -6.95568935782e-10
-1.97344715016    2.02358484825    3.12906784417    -1.9707224774    2.02358475634    3.12907498636    -0.00272467276558    9.19131064592e-08    -7.14219746145e-06
-1.98272484048    2.02358503521    3.12922638861    -1.98273673508    2.023585024    3.12922511914    1.18946027601e-05    1.12053597512e-08    1.26947212609e-06
-1.98273321006    2.02358528346    3.12922572207    -1.98272996134    2.02358517344    3.12922599304    -3.24872798751e-06    1.10022681188e-07    -2.70969663596e-07
-1.983257647    2.02358171119    -3.09011703    -1.9832553066    2.02358206064    -3.09050904184    -2.34040675173e-06    -3.49452609516e-07    0.000392011847245
-1.98351746879    2.02356007366    -3.01076581313    -1.98351673056    2.02356018033    -3.01116504009    -7.38229804842e-07    -1.06667422006e-07    0.000399226966163
-1.98366913401    2.02353305658    -2.93071284486    -1.98365314708    2.02353491642    -2.93911247491    -1.59869297855e-05    -1.8598407121e-06    0.00839963005349
-1.98381818894    2.02349111588    -2.85066636474    -1.9838028687    2.0234959977    -2.8590733628    -1.53202380602e-05    -4.88182159897e-06    0.00840699805337
-1.98397767993    2.02343040531    -2.76266410799    -1.98397695656    2.02343068753    -2.76306395725    -7.23371481826e-07    -2.82223065806e-07    0.000399849252187
-1.98411083166    2.02336800789    -2.68667692363    -1.98411703386    2.02336487569    -2.68307729635    6.20219642822e-06    3.13219502113e-06    -0.00359962727947
-1.98425167924    2.02328707763    -2.60269053343    -1.98425102938    2.02328749829    -2.60309048496    -6.49862551105e-07    -4.20656821376e-07    0.000399951531199
-1.98437911437    2.02319930372    -2.52270005468    -1.98437849304    2.02319976616    -2.52310000125    -6.21334252715e-07    -4.62436029469e-07    0.00039994656534
-1.98449916301    2.02310173805    -2.44270483921    -1.98449858187    2.02310224819    -2.44310482648    -5.81135284783e-07    -5.10138788989e-07    0.000399987271405
-1.98462159784    2.0229835702    -2.3547082871    -1.98461038184    2.02299533073    -2.36310792791    -1.1215992606e-05    -1.17605281096e-05    0.00839964081177
-1.98472352786    2.02286715507    -2.27471255948    -1.98471325961    2.02287975593    -2.28311199618    -1.0268249591e-05    -1.26008623722e-05    0.00839943669848
-1.98481580441    2.02274291027    -2.19471787608    -1.98481536817    2.02274354969    -2.19511784891    -4.3624071866e-07    -6.39412328862e-07    0.000399972826097
-1.98489011208    2.02262504928    -2.12272333912    -1.98488188292    2.02263907215    -2.13112270356    -8.22915919185e-06    -1.40228671075e-05    0.00839936444202
-1.98496248264    2.02248816696    -2.04272967077    -1.9849554036    2.02250280921    -2.05112900392    -7.07903980746e-06    -1.4642258618e-05    0.00839933315337
-1.98502367843    2.02234590643    -1.96273603092    -1.98502889645    2.02233214539    -1.9551366322    5.21802115006e-06    1.37610338165e-05    -0.0075993987252
-1.9850754684    2.02219174389    -1.87874270624    -1.98507739652    2.02218504328    -1.8751429938    1.92811601885e-06    6.70061344676e-06    -0.0035997124372
-1.98511259447    2.02204134111    -1.79874920861    -1.98511398135    2.02203450655    -1.79514950727    1.38688695039e-06    6.83456759765e-06    -0.00359970133744
-1.98513759127    2.02188842324    -1.71875595313    -1.98513842841    2.02188149846    -1.71515626287    8.37138447229e-07    6.92477448139e-06    -0.0035996902645
-1.98515031483    2.02173397027    -1.63876295647    -1.98514993539    2.02174248835    -1.64316256551    -3.79436110753e-07    -8.51808312996e-06    0.00439960904241
-1.98515770383    2.02220268785    -1.58748468961    -1.98515282748    2.02220415529    -1.5874970292    -4.87635085289e-06    -1.46744380292e-06    1.23395934093e-05
-1.98515471564    2.02219359926    -1.58746201844    -1.98515656125    2.02219497172    -1.58745981028    1.84561349958e-06    -1.3724554937e-06    -2.20816175545e-06
-1.9851518119    2.02219644146    -1.58752227757    -1.98515228856    2.02219560983    -1.58751854308    4.76655113602e-07    8.31635128762e-07    -3.73449180557e-06
-1.98664164091    1.96948061669    -1.5914722087    -1.98652630064    1.97499782812    -1.59155289019    -0.000115340277527    -0.00551721142779    8.06814932448e-05
-1.9887081795    1.86948903985    -1.59149392253    -1.98859507641    1.87498940855    -1.59149292735    -0.000113103087262    -0.00550036869644    -9.95181155039e-07
-1.99077757916    1.76951607348    -1.59149207625    -1.99066361883    1.77501381789    -1.59149272329    -0.000113960330311    -0.00549774441268    6.4703932412e-07
-1.99284717492    1.66953684326    -1.59147982037    -1.99252594158    1.68503362276    -1.59148178804    -0.000321233334736    -0.0154967794943    1.96767547389e-06
-1.99491454148    1.56955796758    -1.59147062447    -1.99500745507    1.56505897089    -1.59147037464    9.29135871397e-05    0.00449899668574    -2.49832242893e-07
-1.9969815557    1.469579443    -1.5914680146    -1.99686785798    1.47507824867    -1.59146802025    -0.000113697719264    -0.00549880567207    5.65256419449e-09
-1.99915214039    1.36460184399    -1.59146944256    -1.99893503856    1.37509961205    -1.59146923343    -0.000217101821908    -0.0104977680616    -2.0912790788e-07
-2.00121932623    1.26462321829    -1.5914712948    -2.00100230252    1.27512097241    -1.59147113257    -0.000217023709909    -0.0104977541232    -1.62228106282e-07
-2.00328673827    1.16464459745    -1.59147231486    -2.00306964976    1.17514235248    -1.59147224898    -0.000217088509959    -0.0104977550335    -6.58821923682e-08
-2.00535422809    1.06466597022    -1.59147251369    -2.00493037366    1.08516158934    -1.59147253043    -0.000423854430951    -0.0204956191243    1.67412781416e-08
-2.00742167045    0.96468733811    -1.59147216462    -2.00699784946    0.985182957641    -1.59147226003    -0.000423820989024    -0.0204956195311    9.540862278e-08
-2.00948908477    0.864708710283    -1.59147178394    -2.00947874763    0.86520860341    -1.59147178497    -1.03371391056e-05    -0.000499893126347    1.03160147091e-09
-2.01155648305    0.764730082852    -1.59147175853    -2.011546146    0.765229976002    -1.59147175808    -1.03370465228e-05    -0.000499893149939    -4.46703563028e-10
-2.01362387988    0.664751450382    -1.59147182637    -2.01340680415    0.675249206911    -1.59147182567    -0.000217075729702    -0.0104977565289    -7.04847957778e-10
-2.01569128031    0.564772819967    -1.5914717628    -2.0154742038    0.575270575807    -1.59147176999    -0.000217076514886    -0.01049775584    7.1918753175e-09
-2.01786204501    0.459795262992    -1.59147180314    -2.01774833792    0.465294087474    -1.5914717964    -0.000113707084052    -0.00549882448219    -6.737468361e-09
-2.01951597037    0.379812359275    -1.59147189766    -2.0198157445    0.365315457586    -1.59147190663    0.000299774127458    0.0144969016891    8.96217655644e-09
-2.02168674834    0.274834794958    -1.59147185651    -2.02188315195    0.265336825038    -1.59147184275    0.000196403607157    0.00949796991999    -1.37572648828e-08
-2.02375414741    0.174856167466    -1.59147174437    -2.02374381045    0.175356060592    -1.59147174447    -1.03369559712e-05    -0.000499893125985    1.01734398683e-10
-2.02582154374    0.0748775405147    -1.59147181886    -2.02581120672    0.0753774336635    -1.59147181828    -1.03370227524e-05    -0.000499893148805    -5.84595705178e-10
-2.02643174581    0.0176047812182    -1.59147133195    -2.02643177329    0.0176053807046    -1.59147072727    2.7473736619e-08    -5.9948649761e-07    -6.04685258754e-07
-2.02643217469    0.0176560399501    -1.591466435    -2.02643190965    0.0176602563404    -1.59146613892    -2.65041935954e-07    -4.2163903299e-06    -2.96081166251e-07
-2.02643610003    0.0173705275602    -1.56664944935    -2.02643442987    0.0173486873248    -1.56311537311    -1.67016717834e-06    2.18402354292e-05    -0.00353407623856
-2.02641797294    0.0169248467033    -1.47634117294    -2.02641721762    0.0169386723975    -1.48471915505    -7.5531881194e-07    -1.38256941934e-05    0.00837798211606
-2.02639603646    0.0167715329172    -1.396273102    -2.02639823205    0.0168023863133    -1.41268138261    2.19559526604e-06    -3.08533960591e-05    0.0164082806039
-2.02635724051    0.0166209785931    -1.31622163768    -2.0263664759    0.016651169816    -1.33263790628    9.23538787578e-06    -3.01912228744e-05    0.0164162686075
-2.02630844739    0.0164736676743    -1.23621680137    -2.02632021579    0.0165034080861    -1.25261439345    1.1768400308e-05    -2.97404117497e-05    0.0163975920839
-2.02625508505    0.0163449467434    -1.16422930072    -2.02626167258    0.0163598782987    -1.17262537063    6.58753182625e-06    -1.4931555303e-05    0.00839606990662
-2.02618130621    0.0162002042481    -1.08024997162    -2.02617778555    0.0161942013815    -1.07665050956    -3.52065988984e-06    6.00286663215e-06    -0.00359946206625
-2.02610393693    0.0160752045445    -1.00426647932    -2.02610437406    0.016075843566    -1.00466640748    4.37135267095e-07    -6.39021522426e-07    0.000399928155733
-2.02601261618    0.0159503200456    -0.924279250639    -2.02601309568    0.015950927807    -0.924679183003    4.7950594162e-07    -6.07761452581e-07    0.000399932364524
-2.02590105846    0.0158218972159    -0.836289259423    -2.02591219689    0.0158337100994    -0.844688510791    1.11384275994e-05    -1.18128835123e-05    0.00839925136791
-2.02579584387    0.0157193251589    -0.760297846592    -2.02580215461    0.015725034317    -0.764697337551    6.31074209689e-06    -5.70915810829e-06    0.00439949095968
-2.02567084706    0.0156156073358    -0.676308628866    -2.02568373121    0.0156255097515    -0.684707453281    1.28841517624e-05    -9.90241578026e-06    0.00839882441444
-2.02555056355    0.0155311114992    -0.600319275221    -2.02555769922    0.0155357537578    -0.604718647941    7.13567281396e-06    -4.64225861749e-06    0.00439937272086
-2.02543095581    0.0154597071208    -0.528329836751    -2.02542484229    0.0154563655952    -0.52473036244    -6.11352907898e-06    3.34152558842e-06    -0.0035994743105
-2.02528531113    0.0153875347792    -0.444342302506    -2.02528601877    0.0153878492607    -0.444742242791    7.07640301023e-07    -3.14481424962e-07    0.000399940285487
-2.02514139641    0.0153303893099    -0.364354137026    -2.02515671812    0.0153358468392    -0.372752893796    1.5321706353e-05    -5.45752924889e-06    0.00839875677065
-2.02499333926    0.0152849368294    -0.28436591016    -2.02499408829    0.0152851344796    -0.284765851433    7.4903089109e-07    -1.97650267889e-07    0.000399941272993
-2.02483445751    0.015250107694    -0.20037830706    -2.02484284939    0.0152516002444    -0.204777654837    8.39187960189e-06    -1.49255039295e-06    0.00439934777746
-2.02468089184    0.0152294183971    -0.120390214686    -2.02470479774    0.0152318225833    -0.132788360171    2.39059037979e-05    -2.40418615101e-06    0.0123981454853
-2.02451838031    0.0152209162583    -0.0364028452015    -2.02455015778    0.0152215098843    -0.0528003697671    3.17774650265e-05    -5.93625985814e-07    0.0163975245655
-2.02505686876    0.0152143581639    -0.0250946890929    -2.0250571877    0.0152142984426    -0.0250947652567    3.18939831878e-07    5.97213502731e-08    7.61638332368e-08
-2.02505693186    0.0152163074358    -0.0251168124274    -2.02505588663    0.0152198954904    -0.0251261776485    -1.0452337893e-06    -3.58805467128e-06    9.36522117672e-06
-2.01775460315    0.0147036181726    -0.0257228418761    -2.01328901795    0.0144532006675    -0.0264263915778    -0.00446558520111    0.000250417505065    0.000703549701734
-1.92735814345    0.0117242818483    -0.029266765428    -1.92285383463    0.0115929465614    -0.029268699122    -0.0045043088255    0.000131335286928    1.93369405882e-06
-1.82739505795    0.00879884307034    -0.0292813815688    -1.82289813185    0.0086674370028    -0.0292812160271    -0.00449692609473    0.000131406067541    -1.65541654957e-07
-1.72244337366    0.00572457965044    -0.0292716308453    -1.7229431677    0.00573925117846    -0.0292716975774    0.000499794039688    -1.46715280213e-05    6.67321018721e-08
-1.62248534535    0.00279832288941    -0.0292599291617    -1.63298114545    0.00310553796987    -0.0292609237289    0.0104958001067    -0.000307215080461    9.94567258751e-07
-1.52252823454    -0.000126512673847    -0.0292540840564    -1.53302369664    0.000180387299307    -0.0292543742835    0.0104954621038    -0.000306899973154    2.90227065103e-07
-1.4225710189    -0.00305161292429    -0.0292538274488    -1.43306652015    -0.00274438934254    -0.0292536926674    0.0104955012491    -0.000307223581749    -1.34781392814e-07
-1.32261380019    -0.00597671989785    -0.0292557993428    -1.33310931053    -0.00566955732412    -0.0292555827814    0.0104955103339    -0.00030716257373    -2.16561408889e-07
-1.22265661319    -0.00890189820808    -0.0292574161892    -1.22315639915    -0.00888727299022    -0.0292574107139    0.00049978595859    -1.46252178661e-05    -5.47525114483e-09
-1.12269939592    -0.0118272777372    -0.0292579662482    -1.12319918203    -0.0118126496144    -0.0292579657312    0.000499786103459    -1.46281227872e-05    -5.17009431794e-10
-1.01774432679    -0.0148989312163    -0.0292578164608    -1.03323769176    -0.0144454964228    -0.0292578625271    0.0154933649669    -0.000453434793481    4.60662731017e-08
-0.917787139801    -0.0178242666184    -0.0292574823503    -0.913289066083    -0.0179559070139    -0.0292574684647    -0.00449807371834    0.000131640395433    -1.38856245079e-08
-0.822827789822    -0.0206033228567    -0.0292572663994    -0.823327575945    -0.0205886961086    -0.0292572670493    0.000499786122609    -1.46267480684e-05    6.49887584719e-10
-0.727868427053    -0.0233823666856    -0.0292572352492    -0.723370352512    -0.0235140059104    -0.0292572372616    -0.00449807454087    0.000131639224762    2.01240520081e-09
-0.622913372128    -0.026453938949    -0.0292573017517    -0.623413158051    -0.0264393124587    -0.0292573014814    0.000499785922706    -1.46264902816e-05    -2.70315207718e-10
-0.517958317165    -0.0295255187444    -0.0292573282647    -0.523455963818    -0.029364625997    -0.0292573278961    0.00549764665248    -0.00016089274738    -3.68617192326e-10
-0.422998954813    -0.032304569212    -0.0292573387723    -0.433494463483    -0.0319974105958    -0.0292573366821    0.01049550867    -0.000307158616247    -2.09017600103e-09
-0.318043886647    -0.0353761520961    -0.0292573635887    -0.323541532116    -0.0352152597337    -0.0292573629194    0.00549764546938    -0.000160892362315    -6.69293332561e-10
-0.218086699361    -0.038301469491    -0.0292573465562    -0.233580064316    -0.037848045364    -0.0292573521925    0.0154933649544    -0.000453424126975    5.63632213818e-09
-0.118129485715    -0.041226784946    -0.0292573148768    -0.113631410496    -0.0413584240684    -0.0292573143704    -0.00449807521925    0.000131639122338    -5.06320554927e-10
-0.0330714636368    -0.0431135966558    -0.0294931716148    -0.0313799456015    -0.0431137356598    -0.0294252880943    -0.00169151803536    1.39003930387e-07    -6.78835205066e-05
-0.0259484275763    -0.0431146305062    -0.0291099275622    -0.0259435040425    -0.0431142654744    -0.0291103556375    -4.92353379751e-06    -3.65031802847e-07    4.28075241411e-07
-0.0259400696812    -0.0431149687707    -0.0291104823312    -0.0259420683833    -0.0431150294617    -0.0291102953152    1.99870203186e-06    6.06909595774e-08    -1.87016036976e-07
-0.0259401577774    -0.043114456573    -0.0291105294633    -0.0259404718532    -0.0431148768072    -0.0291104462061    3.14075838753e-07    4.2023421417e-07    -8.32571975598e-08
-0.025940447562    -0.0431145400439    -0.0291105471827    -0.0259404335631    -0.043114545767    -0.0291105478162    -1.39988677907e-08    5.72317148534e-09    6.33490798013e-10
-0.025940545256    -0.0431146787048    -0.0291106055873    -0.0259405459737    -0.0431146835411    -0.0291106049431    7.17742604933e-10    4.83622426828e-09    -6.44239203651e-10
-0.0259406047887    -0.0431146274702    -0.0291106252702    -0.0259405973246    -0.0431146138044    -0.029110626894    -7.46418770195e-09    -1.36658121763e-08    1.62381050273e-09
-0.0259405927204    -0.0431146648024    -0.029110617571    -0.025940592974    -0.0431146634064    -0.0291106176934    2.53516575788e-10    -1.396026586e-09    1.22440738104e-10
-0.0259405873262    -0.0431146596454    -0.0291106040969    -0.025940587338    -0.0431146604203    -0.0291106041128    1.17419338141e-11    7.74874650555e-10    1.59260452048e-11
