0.0    0.0    0.0    0.0    0.0    0.0    0.0    0.0    0.0
1.39186009369e-07    1.04597033371e-07    1.21718552277e-07    1.39024312629e-07    1.04557077012e-07    1.21577919426e-07    1.61696740199e-10    3.9956358968e-11    1.40632850846e-10
1.4149596281e-07    1.05167839161e-07    1.23727593148e-07    1.41334266069e-07    1.05127882793e-07    1.23586960287e-07    1.61696741934e-10    3.99563683464e-11    1.4063286118e-10
1.43805916246e-07    1.05738644968e-07    1.25736634048e-07    1.43875214849e-07    1.0575576913e-07    1.25796905274e-07    -6.92986030972e-11    -1.71241623312e-11    -6.02712264997e-11
1.4611586968e-07    1.06309450219e-07    1.27745674967e-07    1.46185168284e-07    1.06326574443e-07    1.27805946197e-07    -6.92986037477e-11    -1.71242241307e-11    -6.02712305759e-11
1.48425823115e-07    1.06880256034e-07    1.2975471592e-07    1.48495121718e-07    1.0689738019e-07    1.29814987149e-07    -6.92986035309e-11    -1.71241557718e-11    -6.02712290168e-11
1.50735776543e-07    1.07451061868e-07    1.31763756847e-07    1.50805075146e-07    1.07468186023e-07    1.31824028094e-07    -6.92986024467e-11    -1.71241555549e-11    -6.02712468916e-11
1.53045729972e-07    1.08021867553e-07    1.33772797913e-07    1.53115028574e-07    1.08038991794e-07    1.3383306913e-07    -6.92986024467e-11    -1.71242409358e-11    -6.02712170786e-11
1.55355683396e-07    1.08592672995e-07    1.35781838947e-07    1.55424981998e-07    1.08609797154e-07    1.35842110179e-07    -6.92986022299e-11    -1.71241586449e-11    -6.02712319918e-11
1.57665636819e-07    1.09163478893e-07    1.3779088002e-07    1.57734935422e-07    1.09180603046e-07    1.37851151253e-07    -6.92986026635e-11    -1.71241534407e-11    -6.02712328237e-11
1.59975590241e-07    1.09734284709e-07    1.39799921112e-07    1.60044888843e-07    1.09751408945e-07    1.39860192347e-07    -6.92986022299e-11    -1.71242365448e-11    -6.02712351937e-11
1.62285543658e-07    1.10305090058e-07    1.41808962239e-07    1.62354842261e-07    1.10322214219e-07    1.41869233474e-07    -6.92986028804e-11    -1.71241610844e-11    -6.02712345057e-11
1.64479999407e-07    1.10847355746e-07    1.43717551335e-07    1.64664795677e-07    1.10893020162e-07    1.43878274628e-07    -1.84796270734e-10    -4.56644161503e-11    -1.60723293671e-10
1.66789952819e-07    1.11418161388e-07    1.45726592474e-07    1.66974749089e-07    1.11463826032e-07    1.45887315818e-07    -1.84796269866e-10    -4.56646432364e-11    -1.60723344236e-10
1.69215403899e-07    1.1201750726e-07    1.47836085785e-07    1.69284702502e-07    1.12034631416e-07    1.47896357021e-07    -6.92986030972e-11    -1.71241558802e-11    -6.02712359603e-11
1.7140985964e-07    1.12559773012e-07    1.49744674962e-07    1.71594655912e-07    1.12605437429e-07    1.49905398262e-07    -1.84796272468e-10    -4.56644170177e-11    -1.60723299844e-10
1.73719813049e-07    1.13130578422e-07    1.51753716235e-07    1.73904609318e-07    1.13176243091e-07    1.51914439537e-07    -1.84796268782e-10    -4.56646690405e-11    -1.60723301887e-10
0.0378159425375    -9.31683175149e-06    -0.00026428154468    0.0507356733595    -1.31398966195e-05    -0.000268199748626    -0.012919730822    3.82306486796e-06    3.91820394637e-06
0.137742263104    -3.66212158184e-05    -0.000270349491937    0.150750837154    -3.98164191089e-05    -0.000271298674469    -0.0130085740499    3.19520329044e-06    9.49182532048e-07
0.237747809507    -6.34402609747e-05    -0.000271113040921    0.25074573467    -6.70346038387e-05    -0.000270910546909    -0.0129979251633    3.59434286401e-06    -2.024940117e-07
0.337745892172    -9.06194069246e-05    -0.000270828949309    0.35074592965    -9.42106346151e-05    -0.000270800653048    -0.0130000374772    3.59122769048e-06    -2.8296260939e-08
0.437746122668    -0.000117743238508    -0.000270722489717    0.440746179939    -0.000118546986485    -0.00027072570152    -0.00300005727131    8.03747977218e-07    3.21180354128e-09
0.537746177971    -0.000144761822879    -0.00027067411319    0.540746167561    -0.000145568787381    -0.000270672981925    -0.00299998958929    8.06964502903e-07    -1.13126496587e-09
0.637746136071    -0.000171837437    -0.000270668089204    0.640746135481    -0.00017265453141    -0.00027066801115    -0.00299999940972    8.17094409763e-07    -7.80541155256e-11
0.737746161566    -0.000198916072399    -0.000270684603621    0.74074616285    -0.000199727251696    -0.000270685211913    -0.00300000128376    8.11179297028e-07    6.08292247736e-10
0.842746146477    -0.000227327766172    -0.000270697334197    0.840746147186    -0.000226786872516    -0.000270697188482    0.00199999929087    -5.4089365587e-07    -1.4571488379e-10
0.947746135261    -0.000255755544379    -0.000270701589329    0.940746134594    -0.00025385875087    -0.000270701535652    0.00700000066669    -1.89679350905e-06    -5.36762596718e-11
1.04774615297    -0.000282824150911    -0.000270698857445    1.04074615181    -0.000280930088197    -0.000270699270418    0.00700000116471    -1.89406271406e-06    4.12972412126e-10
1.13274615349    -0.00030583278786    -0.000270693143492    1.14074615215    -0.000307997517844    -0.000270692616061    -0.00799999865969    2.16472998358e-06    -5.27430181886e-10
1.25274613046    -0.000338314659553    -0.00027068703251    1.24074613164    -0.000335065974603    -0.000270687142342    0.0119999988161    -3.24868495011e-06    1.09832137525e-10
1.35274614042    -0.0003653826175    -0.000270687724738    1.33074613597    -0.00035942762056    -0.000270687880634    0.0220000044468    -5.95499693973e-06    1.55896554834e-10
1.43774615201    -0.000388390649294    -0.0002706856552    1.45074615167    -0.000391909367659    -0.000270685296336    -0.0129999996666    3.51871836462e-06    -3.58863843101e-10
1.55274613277    -0.000419518473394    -0.000270681391136    1.54074613545    -0.00041627028399    -0.000270681786279    0.0119999973208    -3.24818940435e-06    3.95142099596e-10
1.65274612746    -0.000446586004894    -0.000270681943457    1.64074612612    -0.000443337906649    -0.00027068173762    0.0120000013361    -3.24809824462e-06    -2.05837301034e-10
1.75274614548    -0.000473653759106    -0.000270680400211    1.74074614386    -0.000470405660453    -0.000270680790591    0.0120000016203    -3.24809865301e-06    3.90379367666e-10
1.85274613859    -0.000500720982543    -0.000270676492097    1.84074614113    -0.000497472935804    -0.000270677076259    0.0119999974654    -3.24804673836e-06    5.84162178265e-10
1.95274612057    -0.000527787758516    -0.00027067401421    1.95074612066    -0.000527246422508    -0.000270673988879    0.00199999990915    -5.4133600723e-07    -2.53313317045e-11
2.05274613291    -0.000554854811716    -0.000270674606349    2.03074612834    -0.000548900052702    -0.000270674933502    0.02200000457    -5.95475901417e-06    3.27152945196e-10
2.15274614152    -0.000581921625709    -0.000270671477233    2.1507461417    -0.00058138029611    -0.000270671551361    0.0019999998191    -5.41329598969e-07    7.41281527264e-11
2.25274612159    -0.000608987803481    -0.000270667271138    2.25074612199    -0.000608446483086    -0.000270667321576    0.00199999960378    -5.41320394506e-07    5.04376170278e-11
2.35274611937    -0.000636054020172    -0.000270668001643    2.35074611906    -0.000635512692094    -0.000270667982581    0.00200000030749    -5.41328078637e-07    -1.90620090242e-11
2.45274613701    -0.000663120369628    -0.000270666096654    2.44074613573    -0.000659872431565    -0.000270666483629    0.0120000012778    -3.24793806255e-06    3.86975003636e-10
2.53774613057    -0.000686126287609    -0.000270662857728    2.54074612992    -0.000686938252812    -0.000270662713642    -0.00299999935784    8.11965202911e-07    -1.44085585368e-10
2.63774611154    -0.000713191680298    -0.000270660067972    2.64074611136    -0.00071400364468    -0.000270660100184    -0.0029999998199    8.11964382299e-07    3.22126584846e-11
2.75774612635    -0.000745670479057    -0.000270660404053    2.7307461208    -0.000738362736531    -0.000270660978255    0.0270000055575    -7.3077425266e-06    5.74201474129e-10
2.8577461305    -0.000772735807253    -0.000270657060587    2.85074613143    -0.000770841257916    -0.000270657343052    0.00699999907796    -1.89454933686e-06    2.82465340289e-10
2.94274611246    -0.000795740849887    -0.000270653415141    2.94074611286    -0.000795199557025    -0.000270653467796    0.00199999959858    -5.41292861295e-07    5.26547269328e-11
3.05774611241    -0.000826865429353    -0.000270654169351    3.04074610953    -0.000822264374351    -0.000270654079226    0.0170000028723    -4.60105500247e-06    -9.01250225165e-11
3.15774612848    -0.000853930336654    -0.000270651755883    3.15074612815    -0.000852035812692    -0.000270651983444    0.0070000003239    -1.89452396246e-06    2.27561634196e-10
3.23774611928    -0.000875581792031    -0.000270648541072    3.25074611626    -0.000879100117853    -0.000270647915301    -0.0129999969864    3.51832582213e-06    -6.25770819602e-10
3.35774610196    -0.000908058631317    -0.000270646655974    3.3507461017    -0.000906164136992    -0.00027064651783    0.00700000025226    -1.89449432486e-06    -1.38143760049e-10
3.45774611865    -0.00093512294232    -0.000270646263683    3.44074611537    -0.000930522015073    -0.000270646727864    0.0170000032832    -4.6009272473e-06    4.64180572235e-10
3.55774611976    -0.000962186819265    -0.000270642795582    3.54074612221    -0.000957586010988    -0.00027064350117    0.016999997548    -4.60080827612e-06    7.05588518765e-10
3.63774610236    -0.000983837492512    -0.000270639436139    3.65074610013    -0.000987355718135    -0.00027063922706    -0.0129999977722    3.51822562315e-06    -2.09078375706e-10
3.75774610477    -0.00101631367315    -0.000270640248256    3.7507461034    -0.00101441921707    -0.000270640279297    0.00700000136934    -1.8944560854e-06    3.10410483125e-11
3.85774611925    -0.00104337714911    -0.000270637576872    3.84074611873    -0.00103877640361    -0.000270638132972    0.0170000005262    -4.60074550413e-06    5.56100043726e-10
3.95774610317    -0.00107043996957    -0.000270633320685    3.95074610481    -0.00106854558864    -0.000270633620891    0.00699999835666    -1.89438092405e-06    3.00205514961e-10
4.05274609282    -0.0010961494944    -0.000270632844645    4.04074609233    -0.00109290195581    -0.000270632607845    0.0120000004953    -3.24753858291e-06    -2.36799855874e-10
4.14274610816    -0.00112050613114    -0.0002706325545    4.14074610778    -0.00111996487345    -0.000270632610283    0.00200000038372    -5.41257691791e-07    5.57833538476e-11
4.2427461114    -0.00114756866295    -0.000270629173276    4.25074611008    -0.00114973363494    -0.000270628826164    -0.00799999868343    2.16497198409e-06    -3.47111534231e-10
4.3577460888    -0.00117868990905    -0.000270625293665    4.35074608956    -0.00117679557258    -0.000270625286474    0.00699999923389    -1.89433647151e-06    -7.19120108513e-12
4.45774609723    -0.00120575207279    -0.000270626271511    4.44074609383    -0.00120115148689    -0.000270626393295    0.0170000033977    -4.60058590221e-06    1.21784391491e-10
4.56274610947    -0.00123416719462    -0.000270623215703    4.56074610958    -0.00123362596147    -0.000270623286013    0.0019999998899    -5.41233145208e-07    7.03100831679e-11
4.66274609071    -0.00126122855357    -0.0002706189229    4.65074609339    -0.00125798121265    -0.000270619357923    0.0119999973177    -3.2473409209e-06    4.35023407e-10
4.75274608419    -0.00128558372678    -0.000270619125231    4.74074608329    -0.00128233635048    -0.000270618894219    0.0120000009021    -3.24737629994e-06    -2.31011619827e-10
4.85774610273    -0.00131399832253    -0.00027061793756    4.84074610007    -0.00130939788401    -0.000270618467518    0.0170000026596    -4.60043851196e-06    5.29957607204e-10
4.94274610058    -0.00133700019324    -0.00027061490077    4.94074610093    -0.00133645897849    -0.000270614989756    0.00199999964836    -5.41214754849e-07    8.89859803682e-11
4.99998072556    -0.001344676601    0.00012638525082    5.00002653517    -0.00134491492058    0.00012937048147    -4.58096136597e-05    2.38319575414e-07    -2.9852306498e-06
4.99999073545    -0.00134488011999    0.00012542452602    4.99998617332    -0.00134465494291    0.000125889069434    4.56213378897e-06    -2.25177082041e-07    -4.64543413744e-07
4.99999066599    -0.00134474888554    0.000125580942111    4.9999912974    -0.00134479317627    0.000125517777964    -6.31410131291e-07    4.42907308383e-08    6.31641471981e-08
4.99999124488    -0.00134487558914    0.00012535682817    4.99999111282    -0.00134487432587    0.000125363063681    1.32061188651e-07    -1.26327048301e-09    -6.23551112044e-09
4.99999083145    -0.00134483105805    0.00012524442174    4.99991183627    -0.00134480926231    0.000124453264906    7.89951779785e-05    -2.17957420241e-08    7.91156833802e-07
4.93723450267    -0.00138008215263    0.000512540591336    4.94925522781    -0.00137426963479    0.000508653968824    -0.0120207251396    -5.81251783559e-06    3.88662251151e-06
4.84723976196    -0.0014260560505    0.000512062898593    4.85924619688    -0.00142021366314    0.00051137857947    -0.012006434922    -5.84238736418e-06    6.84319122116e-07
4.74724545081    -0.00147740571249    0.000511659852704    4.74924509157    -0.00147635249016    0.000511698770854    -0.00199964075745    -1.05322232816e-06    -3.89181492111e-08
4.64724483132    -0.00152862161363    0.000511569910239    4.64924493977    -0.00152760420028    0.000511563537926    -0.00200010845013    -1.01741335521e-06    6.37231248692e-09
4.54724461713    -0.00157969276709    0.000511449994356    4.54924460805    -0.00157867681305    0.000511452915749    -0.00199999091244    -1.01595404245e-06    -2.92139224996e-09
4.44724474501    -0.00163085392215    0.000511372682113    4.4492447393    -0.00162982598584    0.000511373429396    -0.00199999429609    -1.02793631253e-06    -7.47282120949e-10
4.35224474962    -0.00167944743715    0.000511374640907    4.33924474122    -0.00168608779659    0.000511377665957    0.0130000083979    6.64035944487e-06    -3.02504985796e-09
4.25224477    -0.00173057655406    0.000511402623642    4.2492447707    -0.00173210811897    0.00051140339883    0.00299999929679    1.53156491192e-06    -7.7518822611e-10
4.14224477128    -0.00178683228435    0.000511428700708    4.14924477165    -0.00178324911501    0.000511427469048    -0.00700000037278    -3.58316933895e-06    1.23165953077e-09
4.04724478298    -0.00183541893117    0.000511434897983    4.05924477987    -0.00182927943774    0.000511434653276    -0.0119999968886    -6.13949342892e-06    2.44707178024e-10
3.94724481778    -0.00188655921459    0.000511432563653    3.93924481994    -0.00189065001027    0.000511432502595    0.00799999783911    4.09079568069e-06    6.10584608048e-11
3.84724482699    -0.0019377020432    0.000511433464578    3.8492448271    -0.00193667906496    0.000511433453652    -0.00200000011237    -1.02297823649e-06    1.09253855962e-11
3.7372448276    -0.00199395968585    0.000511432387651    3.73924482726    -0.0019929369174    0.000511432405045    -0.00199999965806    -1.02276845338e-06    -1.73933682127e-11
3.65224485375    -0.00203743074188    0.00051143185495    3.6392448586    -0.00204407896593    0.000511431868424    0.0129999951493    6.64822405681e-06    -1.34735663381e-11
3.53724488084    -0.00209624482569    0.00051143665416    3.54924488023    -0.00209010749107    0.000511435849136    -0.011999999387    -6.13733462247e-06    8.05023708935e-10
3.45224487714    -0.00213971674707    0.000511439845703    3.43924487689    -0.00214636543869    0.000511440020861    0.0130000002513    6.64869162444e-06    -1.75157815444e-10
3.33724489563    -0.00219853160607    0.000511440548406    3.33924489494    -0.00219750874394    0.000511440561936    -0.0019999993013    -1.02286212925e-06    -1.35305512454e-11
3.23724492872    -0.00224967497703    0.000511441741063    3.24924492596    -0.00224353772568    0.000511441203952    -0.0119999972367    -6.13725134501e-06    5.37111777472e-10
3.13724493209    -0.0023008189797    0.000511446457476    3.14924493291    -0.00229468166587    0.000511446157952    -0.012000000815    -6.1373138333e-06    2.99523819701e-10
3.05224493297    -0.00234429156645    0.000511447284629    3.03924493526    -0.00235094028355    0.000511447350157    0.0129999977116    6.64871710037e-06    -6.55281017165e-11
2.93724496886    -0.00240310711009    0.000511447072693    2.94924496454    -0.00239696983332    0.0005114470002    -0.0119999956804    -6.13727676692e-06    7.2492146834e-11
2.83724498735    -0.00245425144491    0.000511451605209    2.83924498734    -0.00245322855045    0.000511451498106    -0.00199999999042    -1.02289446705e-06    1.07102839835e-10
2.73724498342    -0.00250539636006    0.000511454010462    2.73924498336    -0.00250437346225    0.000511453994466    -0.0019999999419    -1.02289780564e-06    1.59964915663e-11
2.63724500517    -0.00255654108661    0.000511454159495    2.6492450009    -0.00255040373197    0.000511454254692    -0.0119999957274    -6.13735463596e-06    -9.51966703166e-11
2.53724503676    -0.00260768582655    0.000511455929828    2.55924503203    -0.00259643393334    0.00051145487015    -0.0219999952662    -1.12518932108e-05    1.05967819112e-09
2.44224503819    -0.00265627397642    0.000511460374761    2.43924503799    -0.0026578083464    0.000511460432476    0.00300000020488    1.53436997244e-06    -5.77152430665e-11
2.34224504287    -0.00270741955142    0.000511461281525    2.33924504357    -0.00270895391349    0.000511461289738    0.00299999930767    1.53436206115e-06    -8.21296752395e-12
2.24224507656    -0.00275856488364    0.000511461044646    2.24924507412    -0.00275498470837    0.000511460968827    -0.00699999755673    -3.58017526387e-06    7.58193437504e-11
2.1422450937    -0.00280971063848    0.0005114657155    2.14924509369    -0.00280613040924    0.000511465347107    -0.00699999999392    -3.58022924139e-06    3.6839323096e-10
2.04224508994    -0.00286085695155    0.000511467934388    2.03924509009    -0.00286239133952    0.000511467957649    0.00299999984634    1.53438797598e-06    -2.32602970088e-11
1.93724511482    -0.00291456035526    0.000511467972313    1.9492451104    -0.00290842283556    0.000511468071655    -0.0119999955775    -6.13751969395e-06    -9.93413737773e-11
1.84224514377    -0.0029631492016    0.000511470031047    1.84924514257    -0.00295956894977    0.00051146964365    -0.006999998808    -3.58025182774e-06    3.87397185511e-10
1.73724514368    -0.00301685340015    0.000511474494001    1.72924514326    -0.00302094516529    0.000511474593072    0.00800000041296    4.09176513948e-06    -9.9071009751e-11
1.62224515721    -0.00307567233578    0.000511475146591    1.63924515218    -0.00306697738928    0.000511475190917    -0.0169999949635    -8.69494650539e-06    -4.43264872507e-11
1.54224518587    -0.00311658970794    0.000511475092301    1.53924518682    -0.00311812411259    0.000511475161441    0.00299999905222    1.53440464765e-06    -6.91399085337e-11
1.44224519989    -0.00316773692151    0.000511480030494    1.43924519979    -0.00316927134981    0.00051148016225    0.00300000010468    1.53442829805e-06    -1.31756706999e-10
1.34724519652    -0.00321632724808    0.000511481854998    1.3492451964    -0.0032153042951    0.000511481839533    -0.00199999988779    -1.02295298728e-06    1.54658635074e-11
1.24224522264    -0.00327003209984    0.000511481834091    1.23924522377    -0.00327156652127    0.000511481813736    0.00299999886949    1.53442142947e-06    2.03544517395e-11
1.14224525137    -0.00332117968199    0.000511484438354    1.13924525171    -0.00332271412098    0.000511484617795    0.00299999965712    1.53443898836e-06    -1.7944067174e-10
1.0372452496    -0.0033748853867    0.00051148849303    1.03924524969    -0.0033738624177    0.000511488470548    -0.00200000009038    -1.02296899875e-06    2.24825797085e-11
0.942245260182    -0.00342347626554    0.000511489076123    0.939245261062    -0.0034250107096    0.000511489069271    0.00299999912045    1.5344440604e-06    6.85211045889e-12
0.842245294965    -0.00347462438344    0.000511489210932    0.839245295833    -0.00347615883156    0.000511489304845    0.00299999913239    1.53444812066e-06    -9.39125289036e-11
0.74224530591    -0.00352577305556    0.000511494291558    0.739245305756    -0.00352730752697    0.000511494404362    0.0030000001547    1.53447140606e-06    -1.12803150718e-10
0.637245304706    -0.00357947959952    0.000511495886093    0.629245305903    -0.00358357151485    0.000511495938351    0.0079999988035    4.09191533388e-06    -5.22584357515e-11
0.537245334238    -0.0036306284292    0.000511495655877    0.529245337209    -0.00363472033205    0.000511495655973    0.00799999702863    4.09190285194e-06    -9.64094255818e-14
0.437245359035    -0.00368177748748    0.000511499160712    0.439245358895    -0.00368075449846    0.000511499040925    -0.00199999985978    -1.02298902034e-06    1.19786323005e-10
0.337245355684    -0.00373292721857    0.000511502472463    0.339245355737    -0.0037319042221    0.000511502453686    -0.00200000005278    -1.02299647013e-06    1.87771774041e-11
0.237245370848    -0.00378407686467    0.000511502913935    0.239245370196    -0.00378305387464    0.000511502924856    -0.00199999934791    -1.02299003691e-06    -1.0921494503e-11
0.132245406282    -0.00383778388663    0.000511503824694    0.139245404598    -0.00383420340273    0.00051150352016    -0.00699999831577    -3.58048389421e-06    3.04534290797e-10
0.0330106011089    -0.00388837908132    0.000516736115246    0.0393244321931    -0.00388530881774    0.000512468591176    -0.00631383108424    -3.07026358196e-06    4.26752406969e-06
2.24783947065e-06    -0.00389092958236    0.000253272941126    -2.14895033305e-06    -0.00389124392291    0.000254818452702    4.3967898037e-06    3.14340551304e-07    -1.54551157542e-06
-1.20864209284e-05    -0.00389137417848    0.000254602860047    -1.17321193796e-05    -0.00389134667615    0.000254570856989    -3.54301548787e-07    -2.75023370562e-08    3.20030586565e-08
-7.49110240096e-06    -0.00389118976346    0.00025412531284    -8.28634180697e-06    -0.00389128154936    0.000254218393716    7.95239406006e-07    9.17858998311e-08    -9.30808754127e-08
-8.25792344714e-06    -0.00389125813655    0.000254295717368    -8.18394944547e-06    -0.00389118533579    0.000254291436442    -7.39740016712e-08    -7.28007629974e-08    4.28092566138e-09
-8.45382909588e-06    -0.00389126747005    0.00025442991409    -8.49076546675e-06    -0.00389125129194    0.000254427094793    3.6936370872e-08    -1.61781052071e-08    2.81929704951e-09
-8.3786582357e-06    -0.00389123272884    0.000254452117043    -8.38914333637e-06    -0.00389124897728    0.000254453944829    1.04851006614e-08    1.62484328184e-08    -1.8277864233e-09
-8.39845696533e-06    -0.00389122787574    0.000254447458983    -8.39177854006e-06    -0.00389123894133    0.000254449401641    -6.67842526983e-09    1.10655878072e-08    -1.9426580353e-09
-8.39696182202e-06    -0.00389123111942    0.000254433270848    -8.39787750523e-06    -0.00389123139763    0.000254432929086    9.15683205042e-10    2.78207418474e-10    3.41761499905e-10
-8.39491775438e-06    -0.00389123908437    0.000254422300016    -8.39513936497e-06    -0.00389123852817    0.000254422397241    2.21610590772e-10    -5.56199133625e-10    -9.72256162298e-11
-8.39231421988e-06    -0.00389123593719    0.000254420928949    -8.39234240099e-06    -0.00389123646789    0.000254420914088    2.8181103718e-11    5.30695651486e-10    1.48613194233e-11
-8.39009453147e-06    -0.00389123467591    0.000254425448928    -8.39040563797e-06    -0.00389123507468    0.000254424569036    3.11106501888e-10    3.98775516514e-10    8.79891621586e-10
-8.3877226244e-06    -0.00389123514197    0.000254430417819    -8.38742845834e-06    -0.00389123437152    0.000254430910296    -2.94166064337e-10    -7.70457433529e-10    -4.92476676898e-10
-8.38541816798e-06    -0.00389123389212    0.000254433784804    -8.3853503592e-06    -0.00389123376542    0.000254433855503    -6.78087798585e-11    -1.26702137931e-10    -7.06989973292e-11
-8.38310782549e-06    -0.00389123331594    0.000254435831441    -8.38303814121e-06    -0.00389123336655    0.000254435885144    -6.96842770119e-11    5.06144106661e-11    -5.37026187408e-11
-8.38068221893e-06    -0.00389123292654    0.000254437439378    -8.38072835524e-06    -0.0038912329468    0.000254437409942    4.6136307448e-11    2.02663372195e-11    2.94360480543e-11
-8.37802761299e-06    -0.0038912321745    0.000254439323514    -8.37842018127e-06    -0.00389123224637    0.000254439019219    3.92568278882e-10    7.18736875571e-11    3.04294913594e-10
-8.37606487906e-06    -0.00389123168472    0.000254440944436    -8.37588009933e-06    -0.00389123167052    0.00025444110681    -1.84779720388e-10    -1.419862318e-11    -1.62374126243e-10
-8.37352430927e-06    -0.00389123106277    0.000254443211111    -8.37357050178e-06    -0.00389123107906    0.000254443169539    4.61925103203e-11    1.62933646609e-11    4.15718943644e-11
-8.37132996641e-06    -0.00389123051091    0.000254445197081    -8.37126067063e-06    -0.00389123049386    0.000254445259419    -6.9295780919e-11    -1.70448338603e-11    -6.23376990761e-11
-8.36890465455e-06    -0.00389122992393    0.000254447354464    -8.36895085036e-06    -0.00389122993434    0.000254447313787    4.61958056443e-11    1.04012297907e-11    4.06769941623e-11
-8.36659493807e-06    -0.0038912293482    0.000254449368079    -8.36664113129e-06    -0.00389122936047    0.000254449328098    4.61932178706e-11    1.22748699226e-11    3.99804152458e-11
-8.364285286e-06    -0.00389122877399    0.000254451365218    -8.36456244195e-06    -0.00389122884413    0.000254451125811    2.77155953353e-10    7.01413727447e-11    2.39407268586e-10
-8.36186016493e-06    -0.00389122817591    0.000254453463964    -8.36225280473e-06    -0.00389122827135    0.000254453123567    3.92639798279e-10    9.54442067914e-11    3.40397058197e-10
-8.35955051388e-06    -0.00389122760283    0.000254455469785    -8.35994315572e-06    -0.00389122770069    0.000254455128373    3.9264183853e-10    9.78597472154e-11    3.41412352653e-10
-8.35724084643e-06    -0.00389122703076    0.000254457480628    -8.35717155619e-06    -0.0038912270137    0.000254457540996    -6.92902365259e-11    -1.70545101479e-11    -6.03680030227e-11
-8.35539310581e-06    -0.00389122657319    0.00025445909035    -8.35509284767e-06    -0.00389122649904    0.000254459351925    -3.00258138665e-10    -7.41509072026e-11    -2.61574514544e-10
-8.35273697645e-06    -0.00389122591563    0.00025446140351    -8.35278316998e-06    -0.00389122592709    0.000254461363297    4.61935377102e-11    1.14596817279e-11    4.02133432348e-11
-8.35042730004e-06    -0.00389122534353    0.000254463413708    -8.35047349355e-06    -0.00389122535497    0.000254463373513    4.61935127736e-11    1.14452848241e-11    4.01956017299e-11
-8.34834859199e-06    -0.00389122482876    0.000254465222351    -8.34816381793e-06    -0.00389122478303    0.000254465383112    -1.84774057383e-10    -4.57310318086e-11    -1.60761272567e-10
-8.34557698064e-06    -0.0038912241424    0.000254467633785    -8.34585414184e-06    -0.00389122421106    0.000254467392634    2.77161202626e-10    6.86624034539e-11    2.41150782774e-10
-8.34338278689e-06    -0.00389122359902    0.000254469543009    -8.34377543218e-06    -0.00389122369627    0.000254469201347    3.92645298003e-10    9.72518216132e-11    3.41662046148e-10
-8.34130407563e-06    -0.00389122308425    0.000254471351877    -8.34146575322e-06    -0.00389122312428    0.000254471211185    1.61677588635e-10    4.00363331897e-11    1.40692635819e-10
-8.33864794284e-06    -0.00389122242648    0.000254473663274    -8.3389251046e-06    -0.00389122249512    0.000254473422085    2.77161761857e-10    6.86400051381e-11    2.41188859791e-10
-8.3363382608e-06    -0.00389122185452    0.000254475673165    -8.3366154227e-06    -0.00389122192315    0.00025447543198    2.7716190649e-10    6.86358522101e-11    2.41185040689e-10
-8.33402857762e-06    -0.00389122128256    0.000254477683021    -8.33430573966e-06    -0.00389122135119    0.00025447744184    2.77162040714e-10    6.86335805897e-11    2.41181185158e-10
-8.33171889331e-06    -0.0038912207106    0.000254479692853    -8.33199605549e-06    -0.00389122077924    0.000254479451674    2.77162178408e-10    6.8635015206e-11    2.411791474e-10
-8.32952469216e-06    -0.00389122016725    0.000254481602186    -8.32968637017e-06    -0.00389122020729    0.000254481461499    1.6167801516e-10    4.00366766649e-11    1.40687616017e-10
-8.32709952122e-06    -0.00389121956671    0.000254483712501    -8.32737668368e-06    -0.00389121963534    0.000254483471323    2.77162458782e-10    6.86331338984e-11    2.41178847618e-10
-8.32478983342e-06    -0.00389121899476    0.000254485722326    -8.32506699601e-06    -0.0038912190634    0.000254485481147    2.7716259756e-10    6.86329599923e-11    2.41178799317e-10
-8.32248014445e-06    -0.00389121842282    0.000254487732148    -8.32275730719e-06    -0.00389121849146    0.000254487490969    2.77162735688e-10    6.86324330701e-11    2.41178427652e-10
-8.3200549698e-06    -0.00389121782229    0.000254489842456    -8.32044761721e-06    -0.00389121791952    0.000254489500787    3.92647408944e-10    9.72283503708e-11    3.41668586435e-10
-8.3178607631e-06    -0.00389121727896    0.000254491751778    -8.31836889527e-06    -0.00389121740478    0.000254491309619    5.08132170889e-10    1.25824145807e-10    4.42158298582e-10
-8.31555107073e-06    -0.00389121670704    0.000254493761585    -8.31559726459e-06    -0.00389121671847    0.000254493721389    4.61938582004e-11    1.14384647587e-11    4.01960982945e-11
-8.31324137725e-06    -0.00389121613511    0.000254495771388    -8.31328757113e-06    -0.00389121614655    0.000254495731192    4.61938796676e-11    1.14383819257e-11    4.01960301524e-11
-8.31116265217e-06    -0.00389121562039    0.000254497580208    -8.31120884607e-06    -0.00389121563183    0.000254497540012    4.61938991832e-11    1.14383051641e-11    4.01959458014e-11
-8.3089684414e-06    -0.00389121507707    0.000254499489513    -8.30889915052e-06    -0.00389121505991    0.000254499549807    -6.92908822767e-11    -1.71573315451e-11    -6.02938470635e-11
-8.30665874479e-06    -0.00389121450516    0.000254501499305    -8.30658945387e-06    -0.003891214488    0.000254501559598    -6.92909152365e-11    -1.71571932009e-11    -6.02936837827e-11
-8.30388710742e-06    -0.00389121381888    0.000254503911049    -8.30427975614e-06    -0.0038912139161    0.000254503569386    3.92648719962e-10    9.72234480423e-11    3.41663389475e-10
-8.30157740844e-06    -0.00389121324698    0.000254505920832    -8.30173908741e-06    -0.00389121328701    0.000254505780147    1.6167896362e-10    4.00328841257e-11    1.40684640857e-10
-8.2992677084e-06    -0.00389121267508    0.00025450793061    -8.29966035748e-06    -0.0038912127723    0.000254507588948    3.92649078399e-10    9.72220437837e-11    3.41661958382e-10
-8.2969580073e-06    -0.00389121210319    0.000254509940385    -8.29735065656e-06    -0.00389121220041    0.000254509598723    3.92649262279e-10    9.7221381553e-11    3.41661446205e-10
-8.29464830516e-06    -0.0038912115313    0.000254511950155    -8.29504095459e-06    -0.00389121162852    0.000254511608494    3.92649437703e-10    9.72206954698e-11    3.416607843e-10
-8.29233860198e-06    -0.00389121095942    0.000254513959922    -8.29273125159e-06    -0.00389121105664    0.000254513618261    3.92649610308e-10    9.72200124225e-11    3.41660045524e-10
-8.290144383e-06    -0.00389121041613    0.000254515869196    -8.29019057709e-06    -0.00389121042757    0.000254515829001    4.61940932554e-11    1.14375692077e-11    4.01952241565e-11
-8.28783467782e-06    -0.00389120984425    0.000254517878955    -8.28764990136e-06    -0.0038912097985    0.000254518039736    -1.84776459107e-10    -4.57499732542e-11    -1.60780532985e-10
-8.28540948629e-06    -0.00389120924379    0.000254519989198    -8.28557116576e-06    -0.00389120928382    0.000254519848515    1.61679471243e-10    4.00309499091e-11    1.40682708159e-10
-8.28309977904e-06    -0.00389120867192    0.000254521998949    -8.28326145858e-06    -0.00389120871195    0.000254521858266    1.61679538898e-10    4.00306905679e-11    1.40682490017e-10
-8.28090555623e-06    -0.00389120812865    0.000254523908209    -8.28095175041e-06    -0.00389120814008    0.000254523868014    4.61941739201e-11    1.14372651974e-11    4.01949265972e-11
-8.27859584705e-06    -0.00389120755679    0.000254525917953    -8.27864204124e-06    -0.00389120756822    0.000254525877758    4.61941936526e-11    1.14371867012e-11    4.01948135691e-11
-8.27628613688e-06    -0.00389120698493    0.000254527927693    -8.2763323311e-06    -0.00389120699636    0.000254527887498    4.61942129514e-11    1.14371151438e-11    4.01947607685e-11
-8.27397642574e-06    -0.00389120641307    0.000254529937429    -8.27402261997e-06    -0.00389120642451    0.000254529897234    4.6194232467e-11    1.14370392497e-11    4.01946901869e-11
-8.27166671364e-06    -0.00389120584122    0.000254531947162    -8.27171290789e-06    -0.00389120585266    0.000254531906967    4.61942517658e-11    1.14369672587e-11    4.01946368984e-11
-8.2692415149e-06    -0.00389120524078    0.000254534057377    -8.26940319485e-06    -0.00389120528081    0.000254533916696    1.6167994981e-10    4.0029135822e-11    1.40680870219e-10
-8.26681631511e-06    -0.00389120464035    0.000254536167588    -8.26732445229e-06    -0.00389120476616    0.000254535725449    5.08137183155e-10    1.2580505214e-10    4.42139209413e-10
-8.26462208584e-06    -0.0038912040971    0.000254538076824    -8.26478376592e-06    -0.00389120413713    0.000254537936143    1.61680081216e-10    4.00286214765e-11    1.40680455783e-10
-8.26208139826e-06    -0.00389120346808    0.000254540287514    -8.26201210676e-06    -0.00389120345093    0.000254540347805    -6.92914959351e-11    -1.71550061483e-11    -6.02914823644e-11
-8.2597716813e-06    -0.00389120289625    0.000254542297228    -8.25970238978e-06    -0.0038912028791    0.000254542357519    -6.92915226065e-11    -1.71548985954e-11    -6.02913484112e-11
-8.25734647751e-06    -0.00389120229583    0.000254544407424    -8.25739267188e-06    -0.00389120230727    0.00025454436723    4.61943673417e-11    1.14365223021e-11    4.01941747572e-11
-8.25503675868e-06    -0.00389120172401    0.000254546417131    -8.25531392499e-06    -0.00389120179263    0.000254546175966    2.77166306616e-10    6.86187495713e-11    2.41164610038e-10
-8.25261155293e-06    -0.0038912011236    0.00025454852732    -8.25277323335e-06    -0.00389120116362    0.000254548386641    1.61680413632e-10    4.00273581641e-11    1.40679131701e-10
-8.25041731831e-06    -0.00389120058037    0.000254550436535    -8.25046351273e-06    -0.00389120059181    0.000254550396341    4.6194421335e-11    1.14363353856e-11    4.01939713067e-11
-8.24799211069e-06    -0.00389119997996    0.000254552546717    -8.24815379123e-06    -0.00389120001999    0.000254552406038    1.61680538532e-10    4.00269114728e-11    1.4067872171e-10
-8.24579787439e-06    -0.00389119943674    0.000254554455926    -8.24607504112e-06    -0.00389119950536    0.000254554214762    2.77166734876e-10    6.86170825021e-11    2.41163097359e-10
-8.24348815111e-06    -0.00389119886494    0.000254556465616    -8.24376531795e-06    -0.00389119893355    0.000254556224453    2.77166840043e-10    6.86167221133e-11    2.41162676526e-10
-8.2409474545e-06    -0.00389119823595    0.000254558676271    -8.2414555939e-06    -0.00389119836175    0.00025455823414    5.08139404252e-10    1.25796606638e-10    4.42130771718e-10
-8.23909967449e-06    -0.00389119777851    0.000254560284018    -8.23868392392e-06    -0.00389119767559    0.000254560645761    -4.1575057611e-10    -1.0292392676e-10    -3.61742784978e-10
-8.23678994872e-06    -0.00389119720671    0.000254562293699    -8.23637419799e-06    -0.00389119710379    0.000254562655441    -4.15750729633e-10    -1.02923320908e-10    -3.61742200214e-10
-8.23448022209e-06    -0.00389119663492    0.000254564303376    -8.23406447121e-06    -0.00389119653199    0.000254564665118    -4.15750881855e-10    -1.029227285e-10    -3.61741670147e-10
-8.23217049462e-06    -0.00389119606313    0.000254566313051    -8.23198571639e-06    -0.00389119601738    0.000254566473825    -1.84778233296e-10    -4.5743176174e-11    -1.60773860967e-10
