0.0    0.0    0.0    7.42042779382e-08    8.84462615338e-08    6.54290056634e-08    -7.42042779382e-08    -8.84462615338e-08    -6.54290056634e-08
7.6514763652e-08    8.90142150057e-08    6.74388237886e-08    7.6526374133e-08    8.90170690247e-08    6.74489233872e-08    -1.16104810228e-11    -2.85401905017e-12    -1.00995986136e-11
7.89529646552e-08    8.96135581053e-08    6.95597377355e-08    7.88484703243e-08    8.95878722308e-08    6.94688414348e-08    1.0449433094e-10    2.56858744886e-11    9.08963007124e-11
8.1275060842e-08    9.0184363985e-08    7.15796555746e-08    8.11705665128e-08    9.0158677458e-08    7.14887592199e-08    1.04494329205e-10    2.56865270156e-11    9.08963546733e-11
8.35971570275e-08    9.07551694609e-08    7.35995734533e-08    8.34926626989e-08    9.07294832636e-08    7.35086771579e-08    1.04494328555e-10    2.5686197364e-11    9.08962953546e-11
8.5919253211e-08    9.13259740598e-08    7.56194914142e-08    8.58147588831e-08    9.13002879394e-08    7.55285951003e-08    1.04494327904e-10    2.56861203856e-11    9.08963139238e-11
8.82413493893e-08    9.18967792974e-08    7.76394093889e-08    8.81368550614e-08    9.18710929919e-08    7.75485130805e-08    1.04494327904e-10    2.56863055131e-11    9.08963084183e-11
9.0563445569e-08    9.24675846936e-08    7.96593274489e-08    9.04589512395e-08    9.24418984037e-08    7.95684311044e-08    1.04494329422e-10    2.56862899006e-11    9.08963445101e-11
9.28855417419e-08    9.30383892788e-08    8.16792454624e-08    9.27810474144e-08    9.30127031616e-08    8.15883491479e-08    1.0449432747e-10    2.56861171872e-11    9.08963145024e-11
9.52076379152e-08    9.3609194609e-08    8.36991635403e-08    9.51031435882e-08    9.35835083881e-08    8.36082672265e-08    1.04494327037e-10    2.56862208912e-11    9.08963137183e-11
9.75297340848e-08    9.41799993518e-08    8.57190816503e-08    9.74252397565e-08    9.41543131322e-08    8.56281853343e-08    1.04494328338e-10    2.56862195901e-11    9.08963159279e-11
9.93874110181e-08    9.46366435657e-08    8.73350161554e-08    9.97473359242e-08    9.47251183768e-08    8.76481034689e-08    -3.59924906069e-10    -8.8474811082e-11    -3.13087313548e-10
0.00030405106365    7.2111225427e-06    0.0366238814405    0.000281513314116    3.92181654729e-06    0.0331260089921    2.25377495338e-05    3.28930599541e-06    0.00349787244835
0.000641449476349    1.69919810375e-05    0.103321153497    0.000655897267668    1.92010087306e-05    0.111699971534    -1.44477913185e-05    -2.20902769305e-06    -0.00837881803619
0.000792132179681    4.1610917885e-05    0.183355969167    0.000807856864201    4.25673350021e-05    0.191762249353    -1.57246845203e-05    -9.564171171e-07    -0.00840628018546
0.000942458868068    7.75724134989e-05    0.263415378581    0.000957764700646    8.28700901091e-05    0.271825773956    -1.53058325779e-05    -5.29767661019e-06    -0.00841039537497
0.00108893135924    0.000128350025496    0.343442956675    0.00110404219441    0.000134747456262    0.35184181662    -1.51108351747e-05    -6.39743076632e-06    -0.00839885994558
0.00123113475666    0.000189904399203    0.423435864389    0.00124594329835    0.000196639711162    0.431833432543    -1.48085416875e-05    -6.73531195909e-06    -0.00839756815475
0.00136806301392    0.000261944899566    0.50342171326    0.00138203864164    0.000270162118712    0.511821260717    -1.39756277184e-05    -8.21721914652e-06    -0.00839954745711
0.00150477487242    0.000349581847964    0.58741159216    0.0015117096774    0.000354529001789    0.591811070667    -6.93480497742e-06    -4.94715382512e-06    -0.00439947850649
0.00163970914173    0.000453241142515    0.675405553602    0.00163435554396    0.000448792997385    0.671805701337    5.35359777294e-06    4.44814513045e-06    0.0035998522652
0.00174844687672    0.000552082102963    0.751403760533    0.00173790877042    0.000541843089394    0.74380382312    1.05381063052e-05    1.02390135689e-05    0.00759993741277
0.00185440405214    0.000664812394526    0.831401807505    0.00184474358926    0.000653728906368    0.823802000717    9.66046287688e-06    1.1083488158e-05    0.00759980678871
0.00195560791572    0.000791926555417    0.915398373817    0.00194226620926    0.000773872758275    0.903798974443    1.33417064613e-05    1.80537971416e-05    0.0115993993744
0.00204173503379    0.000920531550688    0.995394241614    0.00202158307735    0.000888392764387    0.975795328767    2.01519564448e-05    3.21387863011e-05    0.0195989128474
0.00210305362785    0.00102815430141    1.05939058383    0.00211412760749    0.00104945184548    1.07178988992    -1.10739796325e-05    -2.12975440649e-05    -0.0123993060875
0.00217885273496    0.00118927705671    1.15138531071    0.00217315628777    0.00117570747559    1.14378575073    5.69644719858e-06    1.356958112e-05    0.00759955997504
0.00223249400063    0.001334579548    1.23138076541    0.00222789879131    0.00132059546311    1.22378119885    4.59520932181e-06    1.39840848996e-05    0.00759956655447
0.00227435558463    0.00148374066608    1.3113761439    0.00227089293807    0.00146943049617    1.30377658934    3.46264655809e-06    1.43101699115e-05    0.00759955455882
0.00230418148969    0.00163580260594    1.39137126631    0.00230187106395    0.00162125853291    1.38377174415    2.31042573705e-06    1.45440730336e-05    0.00759952216195
0.00232235074782    0.00179751834367    1.47536578754    0.00232185010162    0.00179055957691    1.47176602954    5.00646197046e-07    6.95876675826e-06    0.00359975800366
0.00232708580191    0.00194469845558    1.55136054842    0.00232702281877    0.00191446507784    1.53576164137    6.29831370677e-08    3.02333777371e-05    0.015598907053
0.00232003107973    0.00209953640802    1.63135484445    0.00232237491374    0.00206939620361    1.61575596628    -2.34383401152e-06    3.01402044084e-05    0.0155988781719
0.00230067255658    0.0022532989234    1.71134904926    0.00230054501737    0.00225406336264    1.71174902016    1.27539211155e-07    -7.64439241853e-07    -0.00039997089994
0.00226912717651    0.00240499412785    1.79134320595    0.00226893912141    0.00240574576395    1.79174317658    1.88055093413e-07    -7.51636094833e-07    -0.000399970629273
0.00222310047531    0.00256098277426    1.87533697339    0.00222534035883    0.00255438118141    1.87173724391    -2.2398835229e-06    6.60159285258e-06    0.00359972947842
0.00216416681556    0.00271251586982    1.95933053258    0.00217001987938    0.00269901731577    1.95173112694    -5.85306381796e-06    1.34985540525e-05    0.00759940563968
0.00210006502108    0.00284488487585    2.03532443951    0.00211049654135    0.00282500451884    2.02372538769    -1.04315202654e-05    1.98803570077e-05    0.0115990518208
0.00202194389991    0.00297849197253    2.11531772444    0.00203393031661    0.00295951560759    2.10371871628    -1.19864166988e-05    1.89763649407e-05    0.0115990081657
0.00193339685373    0.00310537882663    2.19531074528    0.00194686146346    0.00308742864403    2.18371177035    -1.34646097235e-05    1.79501826001e-05    0.0115989749277
0.0018298208977    0.00323048373326    2.27930323107    0.00182930280419    0.00323105814843    2.279703195    5.18093508763e-07    -5.74415173917e-07    -0.000399963922288
0.00172173292166    0.00334109446826    2.35929597748    0.00174350092854    0.00332021421111    2.34369739752    -2.17680068794e-05    2.08802571528e-05    0.0155985799587
0.00160512434843    0.00344265967294    2.43928864514    0.00162849779916    0.00342359553844    2.42369008286    -2.33734507224e-05    1.90641344924e-05    0.0155985622766
0.00148712279753    0.00353018578841    2.5152815585    0.00148008986659    0.00353497485899    2.51968114304    7.03293093731e-06    -4.78907058744e-06    -0.00439958453577
0.00135605898111    0.00361233824237    2.59527389001    0.00134866251249    0.0036165495753    2.59967346057    7.39646862629e-06    -4.21133292658e-06    -0.00439957056355
0.00121177503939    0.00368704052352    2.67926554197    0.00122508470192    0.00368078231223    2.67166631021    -1.33096625213e-05    6.25821129062e-06    0.00759923176411
0.0010689267082    0.00374672365428    2.75925731517    0.00106820070729    0.0037469933092    2.75965727346    7.26000914742e-07    -2.69654916385e-07    -0.000399958294146
0.000921708087213    0.00379484792482    2.8392488931    0.000935856025498    0.00379078180362    2.83164969884    -1.41479382849e-05    4.0661212041e-06    0.00759919425968
0.000793844048607    0.00382643649476    2.90724165438    0.000785499402902    0.0038281814815    2.91164118476    8.3446457043e-06    -1.74498673663e-06    -0.00439953038386
0.000641058935778    0.00385242732528    2.98723310342    0.000632599944242    0.0038535029651    2.99163263234    8.45899153604e-06    -1.07563981594e-06    -0.00439952891397
0.000478918159645    0.00386654456115    3.07122408071    0.00047814364938    0.00386657930498    3.07162403753    7.74510264591e-07    -3.47438313549e-08    -0.000399956817736
0.000323900461815    0.00386735065298    -3.1319699377    0.000323125625831    0.00386732365844    -3.13156998172    7.74835984354e-07    2.69945480079e-08    -0.000399955975767
0.00016161427875    0.0038549220044    -3.04797932065    0.00016854419202    0.00385573266646    -3.05157891231    -6.92991327011e-06    -8.10662054223e-07    0.0035995916625
8.5532362217e-06    0.00383052710037    -2.96798854939    3.06175390292e-05    0.00383481831978    -2.97958719306    -2.20643028075e-05    -4.29121941425e-06    0.0115986436736
-0.000142043283045    0.00379404451439    -2.88799805134    -0.000150235183933    0.00379169163277    -2.88359858043    8.19190088732e-06    2.35288162347e-06    -0.00439947090553
-0.000303693913836    0.00374023557541    -2.80000871837    -0.000297178770718    0.00374271325187    -2.80360827936    -6.5151431185e-06    -2.47767645691e-06    0.00359956099077
-0.000438986758102    0.00368253550652    -2.72401800772    -0.000439686736236    0.00368220487284    -2.72361805667    6.99978133197e-07    3.30633684052e-07    -0.000399951054723
-0.000576173486703    0.00361092435564    -2.64402779862    -0.000576844500952    0.00361053896894    -2.64362784759    6.71014249528e-07    3.85386700086e-07    -0.000399951026479
-0.000700751312937    0.00353295537148    -2.56803712117    -0.000694987577547    0.00353686083647    -2.5716366783    -5.76373539015e-06    -3.90546498727e-06    0.00359955712932
-0.000819000164721    0.0034457420491    -2.49204652827    -0.000819604573046    0.00344525941647    -2.49164657815    6.04408324271e-07    4.82632634486e-07    -0.000399950120514
-0.000952712139488    0.00332850449589    -2.40005813947    -0.000936457469499    0.00334396074358    -2.41165665872    -1.62546699893e-05    -1.54562476872e-05    0.0115985192512
-0.00105977124081    0.00321689080273    -2.32006848999    -0.00105514819519    0.00322209618967    -2.3236680192    -4.62304562143e-06    -5.20538693698e-06    0.00359952921007
-0.00115754600838    0.00309702994488    -2.24007905385    -0.00115335457883    0.00310259029804    -2.24367857487    -4.19142954975e-06    -5.56035316846e-06    0.00359952101877
-0.00124541345113    0.00296969225219    -2.16008975468    -0.00124168040561    0.00297557180059    -2.16368927141    -3.73304552233e-06    -5.87954840679e-06    0.00359951672671
-0.00131188951445    0.00285618693581    -2.092098899    -0.00131225754268    0.00285550605498    -2.09169895286    3.68028232309e-07    6.8088083222e-07    -0.000399946143935
-0.00138924540017    0.00269590175806    -2.00011130714    -0.00138030914638    0.00271649755839    -2.0117097394    -8.93625378188e-06    -2.05958003276e-05    0.0115984322567
-0.00144429292866    0.00255120151093    -1.92012217274    -0.00143703093615    0.00257245203703    -1.93172058958    -7.26199251187e-06    -2.12505261029e-05    0.0115984168349
-0.00148187077831    0.00242503846826    -1.85213152988    -0.00148591579636    0.00240928243319    -1.84373269637    4.04501805002e-06    1.57560350779e-05    -0.00839883350549
-0.00151500190771    0.00227371833254    -1.77214275022    -0.00151777775158    0.00225768483731    -1.76374394321    2.77584386747e-06    1.60334952333e-05    -0.00839880700479
-0.00153596812493    0.00212019373099    -1.69215422306    -0.00153745805234    0.00210398590662    -1.68375544108    1.48992741575e-06    1.62078243719e-05    -0.00839878197728
-0.00154464323809    0.00196545410739    -1.61216590254    -0.00154483827046    0.00194917663614    -1.60376713722    1.95032374035e-07    1.62774712442e-05    -0.00839876532018
-0.00154097427997    0.00181050000815    -1.53217769554    -0.00153987306711    0.00179425823494    -1.52377893653    -1.10121285702e-06    1.62417732123e-05    -0.00839875901462
-0.00152385925028    0.00164866451272    -1.44819010828    -0.00152258994755    0.00164023316704    -1.44379075843    -1.26930272165e-06    8.43134567283e-06    -0.00439934985036
-0.00149675763569    0.00150395276327    -1.37220134257    -0.00149658604446    0.00150319699568    -1.37180140177    -1.71591227505e-07    7.55767586233e-07    -0.000399940806205
-0.00145877197786    0.00136173774111    -1.29621262587    -0.00146081399368    0.00136840571899    -1.29981208911    2.04201581674e-06    -6.66797788491e-06    0.003599463241
-0.00139557030798    0.00118694777605    -1.20022707936    -0.00139824125049    0.00119338749279    -1.20382653153    2.67094250597e-06    -6.43971673883e-06    0.00359945217558
-0.00133383877287    0.0010534004739    -1.12423877051    -0.00134046617037    0.00106653772046    -1.13183759031    6.62739750129e-06    -1.31372465576e-05    0.00759881979555
-0.00125811342591    0.000918362712972    -1.04425133667    -0.00126576861473    0.000930923664431    -1.05185013242    7.65518882673e-06    -1.25609514592e-05    0.00759879575077
-0.00116726650309    0.000783624166823    -0.96026475992    -0.0011804807499    0.000801765959382    -0.971862895967    1.32142468086e-05    -1.81417925585e-05    0.0115981360461
-0.00109064302425    0.000686398728441    -0.896275081331    -0.00108514870503    0.000679898970283    -0.891875792645    -5.49431921525e-06    6.49975815811e-06    -0.00439928868595
-0.000964442910104    0.000550321174454    -0.800290629415    -0.000980379238924    0.000566106856645    -0.811888747888    1.59363288203e-05    -1.57856821909e-05    0.0115981184724
-0.000849685115275    0.000446661753188    -0.720303636708    -0.000866835461542    0.000461114996783    -0.731901746071    1.71503462672e-05    -1.44532435949e-05    0.0115981093637
-0.000752118924663    0.000370581678746    -0.656314113344    -0.000732660052489    0.000356574152636    -0.643916154439    -1.94588721735e-05    1.40075261096e-05    -0.0123979589046
-0.000603749810105    0.000272526561816    -0.564329372048    -0.000603085345912    0.000272130369855    -0.563929439024    -6.64464192552e-07    3.96191960375e-07    -0.000399933024447
-0.000481675211424    0.000205549652705    -0.492341522242    -0.000467124720916    0.000198311910263    -0.483942951842    -1.4550490508e-05    7.23774244167e-06    -0.00839857040058
-0.000340734541622    0.000141625928967    -0.412355224961    -0.000325646771956    0.000135570614243    -0.403956673472    -1.50877696668e-05    6.05531472382e-06    -0.00839855148939
-0.000195087545749    8.91293983549e-05    -0.332369065663    -0.000194349047618    8.8896207732e-05    -0.331969135042    -7.38498130667e-07    2.33190622877e-07    -0.000399930620531
-4.56710501613e-05    4.83896330685e-05    -0.252382946193    -4.49161029451e-05    4.82159413934e-05    -0.251983015564    -7.54947216212e-07    1.73691675116e-07    -0.000399930629155
0.000106553515718    1.96676496905e-05    -0.172396804621    0.00012266028642    1.73573366372e-05    -0.163998258243    -1.61067707025e-05    2.31031305328e-06    -0.00839854637816
0.000260607707715    3.1502460056e-06    -0.0924106531585    0.000276849346295    2.12904532139e-06    -0.0840121095463    -1.62416385804e-05    1.02120068421e-06    -0.00839854361227
0.000423251545315    -9.41806443183e-07    -0.00842527184745    0.000366101781944    -3.96996263974e-06    -0.00488299895453    5.7149763371e-05    3.02815619656e-06    -0.00354227289292
-0.000120914624764    -8.87877721968e-07    -0.00109669608034    -0.000120952370766    -5.80352430002e-07    -0.00109668533212    3.77460017196e-08    -3.07525291965e-07    -1.07482261667e-08
-0.000124649363353    9.92225040677e-07    -0.00113218302501    -0.000123638994032    2.28395839862e-07    -0.0011293349921    -1.01036932097e-06    7.63829200815e-07    -2.84803290915e-06
-0.000125333250335    -1.3123406606e-06    -0.00119808592034    -0.000125450758725    -5.35489573677e-07    -0.00119552653591    1.17508389477e-07    -7.76851086923e-07    -2.55938442526e-06
-0.000124803763516    -1.73310654925e-06    -0.00123723288763    -0.000124864135783    -1.85212600659e-06    -0.00123624578116    6.0372266155e-08    1.19019457335e-07    -9.87106473118e-07
-0.000125041586286    -8.31264976513e-07    -0.00124366557879    -0.000125012916469    -1.02067326853e-06    -0.00124385377695    -2.86698175137e-08    1.8940829202e-07    1.88198162176e-07
-0.00012500370435    -1.32791389274e-06    -0.00123253607054    -0.000125019195044    -9.97621587306e-07    -0.00123476502582    1.54906935124e-08    -3.30292305432e-07    2.22895528282e-06
-0.000124985208193    -1.26788719925e-06    -0.00122446571883    -0.000124984516607    -1.27038697621e-06    -0.0012247969843    -6.91586042123e-10    2.49977696323e-09    3.31265469274e-07
-0.000124967819108    -1.1039463503e-06    -0.00122024748316    -0.00012496668168    -1.08476571641e-06    -0.00122017333796    -1.13742853417e-09    -1.91806338966e-08    -7.41452046461e-08
-0.000124960486844    -1.13747692418e-06    -0.00122051874185    -0.000124960364081    -1.16728706561e-06    -0.00122060083153    -1.22762357354e-10    2.98101414255e-08    8.2089688398e-08
-0.000124960978867    -1.16595767754e-06    -0.00122237892567    -0.000124960986331    -1.16476009441e-06    -0.00122238747107    7.46397800337e-12    -1.19758313059e-09    8.5453960995e-09
-0.000124962334754    -1.15347211242e-06    -0.00122355031332    -0.000124962440742    -1.13912461551e-06    -0.00122363586078    1.05987531251e-10    -1.43474969097e-08    8.55474560422e-08
-0.000124962077966    -1.14325875391e-06    -0.00122395776278    -0.000124961925412    -1.15146688323e-06    -0.00122395694501    -1.52553776903e-10    8.20812931485e-09    -8.1776980825e-10
-0.000124959378129    -1.14803563207e-06    -0.00122372050345    -0.000124959649966    -1.15272432359e-06    -0.00122374924323    2.71837137652e-10    4.6886915258e-09    2.87397734183e-08
-0.000124956391338    -1.14777730663e-06    -0.00122344495747    -0.000124956676422    -1.14722429138e-06    -0.00122346605671    2.85083881198e-10    -5.530152491e-10    2.10992360989e-08
-0.000124953565521    -1.14968474395e-06    -0.00122331213137    -0.000124953817559    -1.14854550803e-06    -0.00122331816042    2.52038003098e-10    -1.13923591931e-09    6.02905157352e-09
-0.000124951549204    -1.14847656041e-06    -0.0012233026459    -0.000124951537263    -1.1485206245e-06    -0.00122330275789    -1.19411657212e-11    4.40640961219e-11    1.11988816007e-10
-0.000124948793666    -1.14729400666e-06    -0.00122335337222    -0.000124949231031    -1.14792575745e-06    -0.00122334410289    4.373652252e-10    6.31750792304e-10    -9.26932522708e-09
-0.000124946892754    -1.14696426397e-06    -0.0012233854508    -0.000124946993801    -1.14696105275e-06    -0.00122338420328    1.0104680352e-10    -3.21122382158e-12    -1.24751591197e-09
-0.000124944617575    -1.14676474693e-06    -0.0012233996347    -0.000124944259532    -1.14658397709e-06    -0.00122339984708    -3.58043600844e-10    -1.80769841533e-10    2.12378913934e-10
-0.000124942288621    -1.14617821961e-06    -0.00122339536947    -0.000124941924317    -1.14602602511e-06    -0.00122339394621    -3.64304679956e-10    -1.52194502335e-10    -1.42325632985e-09
-0.000124939932012    -1.14562071065e-06    -0.00122338575512    -0.000124939566181    -1.14561149384e-06    -0.00122338439361    -3.65830687792e-10    -9.21680532459e-12    -1.36150612789e-09
-0.000124937573477    -1.14517215309e-06    -0.00122337874177    -0.000124937443986    -1.14515251388e-06    -0.00122337848175    -1.29491517552e-10    -1.96392115894e-11    -2.60011056089e-10
-0.000124935106329    -1.1446277406e-06    -0.00122337568927    -0.000124935094603    -1.14462436973e-06    -0.00122337568245    -1.17252550984e-11    -3.37086277944e-12    -6.82713629553e-12
-0.000124932881427    -1.14414626566e-06    -0.00122337498976    -0.000124932986726    -1.14417037165e-06    -0.00122337500781    1.05299563123e-10    2.41059825638e-11    1.80490841457e-11
-0.000124930425288    -1.14362876087e-06    -0.00122337443139    -0.000124930647495    -1.14367197151e-06    -0.00122337450562    2.22207119458e-10    4.32106423667e-11    7.42276917015e-11
-0.000124928085595    -1.1431212395e-06    -0.00122337326129    -0.000124928307928    -1.14317148646e-06    -0.00122337340167    2.2233300357e-10    5.02469600216e-11    1.40379020474e-10
-0.000124925627497    -1.1425911506e-06    -0.00122337142908    -0.000124925967017    -1.14266399016e-06    -0.00122337170413    3.39520381644e-10    7.28395522067e-11    2.75056093136e-10
-0.000124923285697    -1.14208735862e-06    -0.00122336947566    -0.00012492362527    -1.14215955964e-06    -0.00122336975961    3.39573494974e-10    7.22010255944e-11    2.83954447195e-10
-0.000124921060986    -1.14160661008e-06    -0.00122336766192    -0.000124920815114    -1.14155305708e-06    -0.00122336746772    -2.45871624926e-10    -5.35529937453e-11    -1.9420264008e-10
-0.000124918602476    -1.14107518751e-06    -0.00122336577179    -0.000124918707832    -1.14109787722e-06    -0.00122336585077    1.05355393463e-10    2.26897076973e-11    7.89803717219e-11
-0.000124916261421    -1.14056902912e-06    -0.00122336404166    -0.000124916366762    -1.14059179073e-06    -0.00122336411893    1.05341142927e-10    2.2761607757e-11    7.72628512818e-11
-0.000124913920613    -1.14006198289e-06    -0.00122336232345    -0.000124914025946    -1.14008485016e-06    -0.00122336240102    1.05332775054e-10    2.28672705229e-11    7.75771823083e-11
-0.00012491157995    -1.13955457121e-06    -0.00122336058868    -0.000124911685278    -1.13957740448e-06    -0.00122336066719    1.05327424083e-10    2.28332687501e-11    7.85110563801e-11
-0.000124909239397    -1.13904673685e-06    -0.00122335883549    -0.000124909344719    -1.13906959234e-06    -0.00122335891466    1.05322487277e-10    2.28554935936e-11    7.91712229629e-11
-0.000124906898962    -1.13853835047e-06    -0.00122335707288    -0.000124906770242    -1.13851036772e-06    -0.00122335697584    -1.2872003745e-10    -2.79827477921e-11    -9.70379358464e-11
-0.000124904558667    -1.13802950192e-06    -0.00122335530866    -0.000124904429955    -1.13800150605e-06    -0.00122335521166    -1.2871195082e-10    -2.79958742278e-11    -9.70017345527e-11
-0.000124902218521    -1.13752019625e-06    -0.00122335354565    -0.000124902323824    -1.13754312334e-06    -0.00122335362497    1.05303281719e-10    2.29270973409e-11    7.93113604305e-11
-0.000124899878527    -1.13701040922e-06    -0.00122335178323    -0.000124899983823    -1.13703336081e-06    -0.00122335186255    1.05296556197e-10    2.2951588438e-11    7.93190498092e-11
-0.000124897538679    -1.13650015719e-06    -0.00122335001985    -0.000124897409992    -1.13647208058e-06    -0.00122334992281    -1.28687433756e-10    -2.80766070115e-11    -9.7037649617e-11
-0.000124894965012    -1.13593835022e-06    -0.00122334807787    -0.000124895070295    -1.1359613443e-06    -0.00122334815737    1.05283051591e-10    2.29940884042e-11    7.94956249266e-11
-0.000124892625461    -1.13542713312e-06    -0.00122334631022    -0.000124892964688    -1.13550128834e-06    -0.00122334656666    3.39226164303e-10    7.41552108889e-11    2.56432576345e-10
-0.00012489028605    -1.13491546302e-06    -0.00122334454069    -0.000124890625256    -1.13498968308e-06    -0.00122334479738    3.3920602373e-10    7.42200670497e-11    2.56687769998e-10
-0.000124887946778    -1.13440334194e-06    -0.00122334276952    -0.000124888285963    -1.1344776272e-06    -0.00122334302644    3.39185963387e-10    7.42852622406e-11    2.56915317362e-10
-0.000124885607643    -1.13389077359e-06    -0.00122334099683    -0.000124886180718    -1.13401639396e-06    -0.00122334143128    5.73075309863e-10    1.25620362365e-10    4.34450885206e-10
-0.000124883268645    -1.13337776207e-06    -0.00122333922261    -0.000124883373897    -1.13340085705e-06    -0.00122333930248    1.0525197814e-10    2.30949805721e-11    7.98730805888e-11
-0.000124880929783    -1.1328643108e-06    -0.00122333744683    -0.000124881035029    -1.13288742551e-06    -0.00122333752678    1.05245895115e-10    2.31147108832e-11    7.99434852084e-11
-0.000124878591055    -1.13235042293e-06    -0.00122333566949    -0.000124878930162    -1.13242496357e-06    -0.0012233359273    3.39107207375e-10    7.45406451407e-11    2.57812196938e-10
-0.000124876252461    -1.13183610224e-06    -0.00122333389058    -0.000124876591549    -1.13191070541e-06    -0.00122333414862    3.39087928743e-10    7.46031705921e-11    2.58038277811e-10
-0.000124873913999    -1.13132135203e-06    -0.00122333211012    -0.000124874253068    -1.13139601729e-06    -0.00122333236838    3.39068802115e-10    7.46652609532e-11    2.58261646877e-10
-0.000124871575669    -1.13080617574e-06    -0.00122333032813    -0.000124871914718    -1.13088090258e-06    -0.00122333058662    3.39049829445e-10    7.4726839625e-11    2.58482409955e-10
-0.000124869120562    -1.13026478596e-06    -0.00122332845542    -0.000124869576499    -1.13036536484e-06    -0.00122332880333    4.55937610583e-10    1.00578874276e-10    3.47915728996e-10
-0.000124866899397    -1.12977455903e-06    -0.00122332675963    -0.000124867004608    -1.12979778883e-06    -0.00122332683999    1.0521043238e-10    2.32297948238e-11    8.03572590413e-11
-0.000124864561454    -1.12925812529e-06    -0.00122332497314    -0.000124864666659    -1.12928137366e-06    -0.00122332505356    1.05204686759e-10    2.32483681828e-11    8.04241014063e-11
-0.000124862223639    -1.12874127902e-06    -0.00122332318516    -0.000124862328838    -1.1287645459e-06    -0.00122332326565    1.05198986675e-10    2.32668755139e-11    8.04904415688e-11
-0.000124859769068    -1.12819814999e-06    -0.00122332130621    -0.000124860224907    -1.12829905076e-06    -0.00122332165528    4.55838377895e-10    1.00900770486e-10    3.4906999795e-10
-0.000124857782136    -1.12775814631e-06    -0.00122331978398    -0.000124857887324    -1.12778144794e-06    -0.00122331986459    1.05188280395e-10    2.33016286388e-11    8.06150252889e-11
-0.000124855444683    -1.12724012242e-06    -0.00122331799178    -0.000124855549866    -1.12726344212e-06    -0.00122331807246    1.05182711282e-10    2.33196964885e-11    8.06798241496e-11
-0.000124852990491    -1.12669576699e-06    -0.00122331610843    -0.000124853212531    -1.12674503619e-06    -0.00122331627889    2.22040433999e-10    4.92691989637e-11    1.70463178946e-10
-0.000124850770147    -1.12620287823e-06    -0.00122331440309    -0.000124850407891    -1.1261224258e-06    -0.00122331412473    -3.62256220247e-10    -8.04524253749e-11    -2.783601071e-10
-0.000124848433061    -1.12568366432e-06    -0.00122331260663    -0.000124848304525    -1.12565509619e-06    -0.00122331250778    -1.28536218127e-10    -2.85681258923e-11    -9.88463484241e-11
-0.000124845862406    -1.12511207834e-06    -0.0012233106289    -0.000124845967566    -1.12513547061e-06    -0.00122331070984    1.0516033877e-10    2.33922704883e-11    8.09401148535e-11
-0.000124843408733    -1.12456603688e-06    -0.0012233087395    -0.000124843630726    -1.12461545806e-06    -0.00122330891051    2.21993592779e-10    4.94211767864e-11    1.71008202174e-10
-0.000124841305688    -1.12409766458e-06    -0.00122330711881    -0.000124841294005    -1.12409506165e-06    -0.0012233071098    -1.16833131711e-11    -2.60292910273e-12    -9.00694904944e-12
-0.00012483873543    -1.12352479096e-06    -0.00122330513646    -0.000124838957401    -1.12357428452e-06    -0.00122330530772    2.21971293776e-10    4.94935535156e-11    1.71267629202e-10
-0.000124836632596    -1.12305573598e-06    -0.00122330351332    -0.000124836854557    -1.1231052617e-06    -0.0012233036847    2.21961378314e-10    4.95257255887e-11    1.71383048161e-10
-0.000124834179408    -1.12250812189e-06    -0.00122330161828    -0.000124834050911    -1.12247942602e-06    -0.00122330151897    -1.28496835785e-10    -2.86958644238e-11    -9.93046007838e-11
-0.000124831843156    -1.1219862037e-06    -0.00122329981211    -0.000124831714665    -1.12195748745e-06    -0.00122329971273    -1.28490562808e-10    -2.87162504604e-11    -9.93776109581e-11
-0.000124829507017    -1.12146391689e-06    -0.00122329800462    -0.000124829378533    -1.12143518048e-06    -0.00122329790517    -1.28484336018e-10    -2.87364119046e-11    -9.94500254717e-11
-0.000124827170991    -1.12094126427e-06    -0.00122329619582    -0.00012482727611    -1.12096479144e-06    -0.00122329627725    1.0511875116e-10    2.35271701752e-11    8.14240682257e-11
-0.000124824835078    -1.12041824892e-06    -0.00122329438572    -0.000124824940191    -1.12044179236e-06    -0.0012232944672    1.0511373499e-10    2.35434409056e-11    8.14824022057e-11
-0.000124822382487    -1.11986869576e-06    -0.00122329248372    -0.000124822837959    -1.11997078544e-06    -0.00122329283706    4.55471841883e-10    1.0208967596e-10    3.53334943552e-10
-0.0001248200468    -1.11934494588e-06    -0.00122329067099    -0.00012482050225    -1.11944710501e-06    -0.00122329102457    4.55450462284e-10    1.02159123934e-10    3.53583746917e-10
-0.000124817944774    -1.11887326807e-06    -0.00122328903844    -0.000124817699544    -1.11881822042e-06    -0.00122328884791    -2.45230566539e-10    -5.5047650791e-11    -1.90530780172e-10
-0.000124815726065    -1.11837507726e-06    -0.00122328731408    -0.000124815364074    -1.11829376359e-06    -0.00122328703263    -3.61990721469e-10    -8.13136790973e-11    -2.8144944578e-10
-0.000124813390686    -1.11785032594e-06    -0.00122328549775    -0.000124813262244    -1.11782145456e-06    -0.00122328539782    -1.28442728242e-10    -2.88713811972e-11    -9.99342472923e-11
-0.000124810938653    -1.11729896473e-06    -0.00122328358927    -0.000124810926977    -1.11729633829e-06    -0.00122328358018    -1.16760667974e-11    -2.62643634055e-12    -9.0912605135e-12
-0.000124808603493    -1.11677350703e-06    -0.00122328177041    -0.000124808591817    -1.11677087888e-06    -0.00122328176131    -1.16755405257e-11    -2.6281457479e-12    -9.09739796516e-12
-0.000124806268436    -1.11624770899e-06    -0.00122327995032    -0.000124806256761    -1.11624507915e-06    -0.00122327994122    -1.16750179403e-11    -2.62983948854e-12    -9.10348164039e-12
-0.00012480381674    -1.1156952575e-06    -0.00122327803793    -0.0001248041553    -1.11577157048e-06    -0.0012232783021    3.38560867492e-10    7.63129843605e-11    2.64171369025e-10
-0.000124801481896    -1.11516877026e-06    -0.00122327621537    -0.000124801353483    -1.11513980381e-06    -0.0012232761151    -1.28413422257e-10    -2.89664493021e-11    -1.00275335127e-10
-0.00012479903042    -1.11461560116e-06    -0.0012232743004    -0.000124799252216    -1.11466566478e-06    -0.00122327447372    2.21795554145e-10    5.00636160132e-11    1.73312761278e-10
-0.000124797045974    -1.11416753177e-06    -0.00122327274924    -0.000124796917572    -1.11413853088e-06    -0.00122327264884    -1.28402804882e-10    -2.90008876831e-11    -1.00398879965e-10
-0.000124794127804    -1.11350817709e-06    -0.00122327046657    -0.000124794583028    -1.11361106985e-06    -0.00122327082279    4.55224295325e-10    1.02892766789e-10    3.56215925897e-10
-0.00012479179338    -1.1129803288e-06    -0.00122326863913    -0.000124792015146    -1.11303048823e-06    -0.00122326881279    2.21766016792e-10    5.01594288023e-11    1.73656592361e-10
-0.000124789925912    -1.11255781895e-06    -0.00122326717635    -0.000124789447383    -1.11244951778e-06    -0.00122326680139    -4.78528495908e-10    -1.08301165453e-10    -3.7495637888e-10
-0.000124787591666    -1.11202939442e-06    -0.00122326534684    -0.000124787346575    -1.11197389143e-06    -0.00122326515467    -2.4509019445e-10    -5.5502989791e-11    -1.92164550765e-10
-0.000124785140812    -1.11147420787e-06    -0.00122326342463    -0.000124785012437    -1.11144511713e-06    -0.00122326332391    -1.28375099396e-10    -2.90907429981e-11    -1.00721375684e-10
-0.000124782456666    -1.11086574951e-06    -0.00122326131793    -0.000124782678395    -1.1109160291e-06    -0.00122326149202    2.21728972205e-10    5.02795950491e-11    1.74087828137e-10
-0.000124780356119    -1.11038927749e-06    -0.00122325966818    -0.000124780344449    -1.11038662972e-06    -0.00122325965901    -1.16694917618e-11    -2.64776969881e-12    -9.16780150059e-12
-0.000124778022267    -1.10985957092e-06    -0.00122325783407    -0.000124778243979    -1.10990990623e-06    -0.00122325800836    2.21711788035e-10    5.03353039588e-11    1.74287891844e-10
-0.000124775688511    -1.10932955787e-06    -0.00122325599886    -0.000124775910214    -1.10937992218e-06    -0.00122325617325    2.21702847053e-10    5.03643065295e-11    1.74391976554e-10
-0.000124773121486    -1.10874619254e-06    -0.00122325397887    -0.000124773576542    -1.108849634e-06    -0.00122325433705    4.55055159786e-10    1.03441457656e-10    3.58185010515e-10
-0.000124770904601    -1.10824208359e-06    -0.00122325223328    -0.000124770776258    -1.10821289006e-06    -0.00122325213219    -1.28343421611e-10    -2.91935222741e-11    -1.01090188737e-10
-0.000124768454457    -1.10768459678e-06    -0.00122325030281    -0.000124768676133    -1.10773504956e-06    -0.00122325047752    2.21675586741e-10    5.04527812757e-11    1.74709383462e-10
-0.000124766237746    -1.10717992226e-06    -0.00122324855519    -0.000124766576081    -1.1072569687e-06    -0.001223248822    3.3833473306e-10    7.70464439318e-11    2.66803935499e-10
-0.000124763904455    -1.10664839926e-06    -0.00122324671456    -0.000124764242777    -1.10672548828e-06    -0.00122324698152    3.38321632645e-10    7.70890190333e-11    2.66956560807e-10
-0.000124761571254    -1.10611658427e-06    -0.00122324487288    -0.000124761909562    -1.10619371545e-06    -0.00122324513999    3.38308632627e-10    7.71311860952e-11    2.67107922152e-10
-0.000124759238142    -1.10558447988e-06    -0.00122324303017    -0.00012475934313    -1.10560843078e-06    -0.00122324311311    1.0498813147e-10    2.39508966588e-11    8.29444989255e-11
-0.000124756905118    -1.10505208822e-06    -0.00122324118642    -0.000124757010103    -1.10507605198e-06    -0.00122324126941    1.0498416394e-10    2.39637607175e-11    8.29907238851e-11
-0.000124754688827    -1.10454605228e-06    -0.00122323943391    -0.000124754677163    -1.10454338825e-06    -0.00122323942468    -1.16644801457e-11    -2.66402302778e-12    -9.22615499624e-12
-0.000124752122694    -1.1039597974e-06    -0.00122323740355    -0.000124752577592    -1.10406374928e-06    -0.00122323776356    4.54897817765e-10    1.03951878735e-10    3.60017321076e-10
-0.000124749789936    -1.10342654416e-06    -0.0012232355567    -0.000124750244817    -1.10353055044e-06    -0.00122323591692    4.54881027376e-10    1.04006285626e-10    3.60212900306e-10
-0.000124747457264    -1.10289301279e-06    -0.00122323370886    -0.000124747912128    -1.10299707308e-06    -0.00122323406927    4.54864368393e-10    1.04060289953e-10    3.6040692891e-10
-0.00012474547456    -1.10243929419e-06    -0.00122323213742    -0.000124745579525    -1.10246331958e-06    -0.00122323222063    1.04965173272e-10    2.40253978279e-11    8.3211928667e-11
-0.000124743142044    -1.10190525445e-06    -0.00122323028775    -0.000124742780512    -1.10182245394e-06    -0.00122323000097    -3.61532370881e-10    -8.28005114017e-11    -2.86785869575e-10
-0.000124740809613    -1.1013709431e-06    -0.00122322843711    -0.000124740448093    -1.10128810061e-06    -0.00122322815017    -3.61519451094e-10    -8.28424956672e-11    -2.86936424057e-10
-0.000124738477264    -1.10083636207e-06    -0.0012232265855    -0.000124738348987    -1.10080695233e-06    -0.00122322648363    -1.28276773101e-10    -2.94097397802e-11    -1.01866501779e-10
-0.000124736144998    -1.10030151375e-06    -0.00122322473293    -0.000124736016726    -1.10027208939e-06    -0.00122322463101    -1.28272258917e-10    -2.94243605718e-11    -1.01919086885e-10
-0.000124733812814    -1.09976640022e-06    -0.0012232228794    -0.00012473391776    -1.09979048601e-06    -0.00122322296283    1.0494654863e-10    2.40857950446e-11    8.34289211066e-11
-0.000124731247504    -1.09917747169e-06    -0.00122322083944    -0.000124731585653    -1.09925512131e-06    -0.00122322110841    3.38148801278e-10    7.76496163917e-11    2.68969846179e-10
